"B14=IF(Placement!B14>0, IF(Velocity!B14>0, 1, 4), IF(Velocity!B14>0, 2, 3))"

Date	A5M	AUS	BRA	CAN	CHN	DEU	ESP	FRA	G20	G4E	G7	GBR	IDN	IND	ITA	JPN	KOR	MEX	NAFTA	TUR	USA	ZAF
2021-02-01																						
2021-03-01																						
2021-04-01																						
2021-05-01																						
2021-06-01																						
2021-07-01																						
2021-08-01																						
2021-09-01																						
2021-10-01																						
2021-11-01																						
2021-12-01																						
2022-01-01																						
2022-02-01	3	2	3	3	2	3	3	4	3	3	3	3	4	3	3	4	3	4	3	3	3	4
2022-03-01	2	2	2	3	2	3	3	3	3	3	3	3	4	3	3	3	2	4	3	3	3	4
2022-04-01	2	2	2	3	2	3	3	3	3	3	3	3	1	3	3	3	2	3	3	3	3	3
2022-05-01	2	2	2	3	2	3	3	3	3	3	3	3	1	3	3	3	2	3	3	3	3	3
2022-06-01	2	2	2	3	2	3	3	3	3	3	3	3	1	3	3	3	2	3	3	3	3	3
2022-07-01	2	2	2	3	2	3	3	3	3	3	3	2	4	3	3	3	3	3	3	2	3	3
2022-08-01	2	3	2	3	2	3	2	2	2	2	3	2	4	3	2	3	3	3	3	2	3	3
2022-09-01	2	3	2	3	2	2	2	2	2	2	2	2	4	3	2	3	3	3	3	2	2	3
2022-10-01	2	3	2	3	2	2	2	2	2	2	2	2	4	3	2	3	3	2	2	2	2	3
2022-11-01	2	3	2	2	1	2	2	2	2	2	2	2	3	3	2	3	3	2	2	2	2	2
2022-12-01	1	3	2	2	1	2	2	2	2	2	2	2	2	3	2	2	3	2	2	2	2	3
2023-01-01	1	3	2	2	1	2	2	2	2	2	2	2	3	2	2	2	2	2	2	2	2	3
2023-02-01	1	3	2	2	1	2	2	2	1	2	2	1	3	2	2	2	2	2	2	1	2	3
2023-03-01	1	3	2	2	1	2	2	2	1	1	2	1	2	2	1	2	2	1	2	1	2	3
2023-04-01	1	2	2	2	1	2	2	2	1	1	2	1	3	2	1	2	2	1	2	1	2	3
2023-05-01	1	2	2	2	1	3	3	2	1	1	2	1	1	2	1	2	2	1	2	4	2	3
2023-06-01	1	2	1	2	1	3	3	2	1	1	1	1	1	2	4	2	2	1	2	4	2	3
2023-07-01	4	2	1	2	4	3	3	2	1	4	1	1	1	2	4	2	1	4	2	3	1	2
2023-08-01	4	2	1	2	4	3	3	1	4	4	1	4	1	2	4	2	1	4	1	3	1	2
2023-09-01	4	2	1	2	4	2	3	1	4	4	1	4	4	2	4	2	1	3	1	3	1	2
2023-10-01	4	2	1	2	4	2	2	1	4	4	1	4	4	2	4	3	1	3	1	3	1	2
2023-11-01	4	2	1	2	4	2	2	1	4	4	1	4	4	2	4	3	1	2	1	3	1	2
2023-12-01	4	2	1	2	4	2	2	1	4	1	1	4	4	2	3	3	1	1	1	3	1	2
2024-01-01	3	2	1	2	3	2	2	4	4	1	1	4	4	2	3	2	1	1	1	2	1	2
2024-02-01	3	1	4	2	3	1	2	4	4	1	1	4	3	1	2	2	1	1	1	2	1	2
2024-03-01	3	1	4	1	3	1	3	3	3	1	1	4	3	1	1	1	4	1	1	2	1	2
2024-04-01	3	1	4	1	3	1	3	3	3	1	1	1	2	1	1	1	4	4	4	2	4	2
2024-05-01	3	1	4	1	3	1	3	3	3	1	4	1	1	1	1	1	4	4	4	2	4	2
2024-06-01	3	1	4	1	3	4	3	3	3	4	4	1	1	1	1	4	4	4	4	2	4	1
2024-07-01	2	1	4	1	2	4	2	3	2	4	4	4	1	1	1	4	4	3	4	2	4	1
2024-08-01	2	1	4	1	2	4	2	2	2	4	4	4	1	1	1	3	4	3	4	1	1	1
2024-09-01	2	4	4	1	2	4	1	2	1	4	4	4	1	1	1	3	4	3	1	1	1	1
2024-10-01	2	4	4	1	2	4	1	2	1	4	1	4	1	1	4	3	4	3	1	1	1	1
2024-11-01	2	4	3	1	2	4	1	2	1	4	4	4	4	1	4	3	3	3	1	1	1	1
2024-12-01	1	4	3	4	1	4	1	1	1	4	4	3	4	1	4	3	3	2	1	1	1	1
2025-01-01	1	4	3	4	1	1	4	1	4	4	4	3	4	1	4	3	2	2	4	4	4	4
2025-02-01	1	4	3	4	1	1	4	1	4	1	4	3	4	1	4	3	2	2	4	4	4	4
2025-03-01	4	4	3	4	4	1	4	1	4	1	4	2	3	1	4	2	1	2	4	4	4	4
2025-04-01	4	4	2	4	3	1	4	1	4	1	4	2	3	1	1	2	1	2	4	3	4	4
2025-05-01	3	1	2	4	3	1	4	1	4	1	1	1	2	1	1	2	1	2	4	3	4	4
2025-06-01	3	1	2	1	3	1	1	1	1	1	1	1	2	1	1	2	1	1	1	3	1	4
2025-07-01	3	1	2	1	3	1	1	1	1	1	1	1	1	1	1	1	1	1	1	2	1	1
2025-08-01	3	1	2	1	3	1	1	1	1	1	1	1	1	1	1	1	1	1	1	2	1	1
2025-09-01	3	1	2	1	3	1	1	1	1	1	1	4	1	1	1	1	1	1	1	2	1	1
2025-10-01	3	1	1	1	3	1	1	1	1	1	1	4	1	1	1	1	1	1	1	1	1	1
2025-11-01	2	1	1	1	3	1	1	1	1	1	1	4	1	1	1	1	1	1	1	1	1	1
2025-12-01	2	4	1	1	3	1	1	1	1	1	1	4	1	1	4	4	1	1	1	1	1	1
2026-01-01	2	4	1	1	2	1	1	1	1	1	1	4	4	1	4	4	1	1	1	1	1	4
2026-02-01	2	4	1	1	2	1	1	1	1	4	1	4	4	1	4	4	1	1	1	1	1	4
