"B14=Placement!B14-Placement!B13"

Date	A5M	AUS	BRA	CAN	CHN	DEU	ESP	FRA	G20	G4E	G7	GBR	IDN	IND	ITA	JPN	KOR	MEX	NAFTA	TUR	USA	ZAF
2021-02-01																						
2021-03-01																						
2021-04-01																						
2021-05-01																						
2021-06-01																						
2021-07-01																						
2021-08-01																						
2021-09-01																						
2021-10-01																						
2021-11-01																						
2021-12-01																						
2022-01-01																						
2022-02-01	-0.007621667	0.052791667	-0.057033333	-0.30725	0.066774167	-0.367441667	-0.78097	-0.371075	-0.151008333	-0.568891667	-0.28195	-0.874100833	-0.2246325	-0.081991667	-0.805691667	-0.069210833	-0.007225	-0.228509167	-0.174133333	-0.51965	-0.15555	-0.142175
2022-03-01	0.006384167	0.097016667	0.05725	-0.298233333	0.071778333	-0.334075	-0.623504167	-0.374639167	-0.133841667	-0.5099	-0.272233333	-0.716166667	-0.12496	-0.08235	-0.742541667	-0.060208333	0.045691667	-0.255366667	-0.192891667	-0.428366667	-0.175825	-0.175566667
2022-04-01	0.033070833	0.115291667	0.134883333	-0.36815	0.0925925	-0.270125	-0.485125	-0.315495833	-0.103370833	-0.396894167	-0.24765	-0.493386667	0.047036667	-0.08275	-0.609166667	-0.049616667	0.0639	-0.252758333	-0.212608333	-0.294441667	-0.193908333	-0.184683333
2022-05-01	0.053941667	0.098716667	0.173058333	-0.402333333	0.124926667	-0.199358333	-0.337166667	-0.223425	-0.077038333	-0.268978333	-0.217554167	-0.262603333	0.083551667	-0.080883333	-0.4592125	-0.043125	0.0431	-0.315933333	-0.236891667	-0.180208333	-0.212758333	-0.164191667
2022-06-01	0.0754775	0.060808333	0.203341667	-0.358933333	0.1622425	-0.146508333	-0.201555	-0.130633333	-0.040241667	-0.151606667	-0.164826667	-0.055518333	0.0953625	-0.076108333	-0.305045	-0.036608333	0.0047975	-0.344533333	-0.215571667	-0.085933333	-0.187726667	-0.1259
2022-07-01	0.066941667	0.012133333	0.226429167	-0.302025	0.195154167	-0.096285833	-0.0411425	-0.0553325	-0.0068075	-0.038315833	-0.091865833	0.123453333	-0.2690175	-0.069325	-0.111259167	-0.0333	-0.023808333	-0.303775	-0.152180833	0.03225	-0.121138333	-0.088008333
2022-08-01	0.08647	-0.044366667	0.237575	-0.212388333	0.243066667	-0.020463333	0.131719167	1.5E-05	0.043963333	0.0756975	-0.013361667	0.263435	-0.372468333	-0.061375	0.113104167	-0.032391667	-0.04686	-0.2127	-0.074715	0.153541667	-0.046401667	-0.057891667
2022-09-01	0.119094167	-0.114841667	0.192839167	-0.1116675	0.29212	0.072745833	0.261591667	0.037435	0.0929975	0.1831875	0.053624167	0.391028333	-0.29092	-0.051633333	0.309261667	-0.036316667	-0.091705	-0.074510833	-0.006864167	0.190441667	0.010233333	-0.031175
2022-10-01	0.157600833	-0.15265	0.115409167	-0.012505833	0.3365425	0.176200833	0.3383625	0.07988	0.141334167	0.30017	0.117934167	0.543051667	-0.1260875	-0.040358333	0.500869167	-0.027383333	-0.128865833	0.054068333	0.048255833	0.201316667	0.052844167	-0.005441667
2022-11-01	0.1842975	-0.140041667	0.038300833	0.077125833	0.3862775	0.273965	0.356540833	0.1011975	0.179446667	0.392941667	0.16979	0.652134167	-0.195085833	-0.027368333	0.653970833	-0.016369167	-0.122036667	0.177974167	0.0947625	0.238633333	0.0864425	0.010758333
2022-12-01	0.2330375	-0.1036475	0.007014167	0.147144167	0.425943333	0.331825	0.31717	0.100274167	0.220760833	0.4314325	0.204311667	0.70306	0.047783333	-0.013456667	0.6913725	0.0028175	-0.0536675	0.266785833	0.135753333	0.273841667	0.119310833	-0.005425
2023-01-01	0.23511	-0.069916667	0.019443333	0.194551667	0.4283825	0.316679167	0.240486667	0.105729167	0.2266725	0.415124167	0.212839167	0.7085125	-0.077364167	0.002253333	0.618439167	0.0192825	0.041816667	0.310958333	0.158928333	0.27865	0.137846667	-0.0377
2023-02-01	0.22563	-0.032188333	0.066180833	0.210955	0.3834225	0.2418625	0.145166667	0.1063375	0.21475	0.3585425	0.194390833	0.669256667	-0.01997	0.018973333	0.482171667	0.030259167	0.1596075	0.322741667	0.1556225	0.249091667	0.131108333	-0.075533333
2023-03-01	0.200339167	-0.0114275	0.132666667	0.223585833	0.301783333	0.1331725	0.062795833	0.10038	0.189831667	0.268396667	0.16644	0.57824	0.117546667	0.035189167	0.321981667	0.038844167	0.263530833	0.295691667	0.1524225	0.215833333	0.129315833	-0.106979167
2023-04-01	0.141739167	0.000415833	0.19695	0.227029167	0.2010425	0.024389167	0.020683333	0.090694167	0.149778333	0.175311667	0.143871667	0.475575	-0.001478333	0.048811667	0.165791667	0.036415833	0.327463333	0.2831	0.163085	0.112091667	0.143389167	-0.1060275
2023-05-01	0.106103333	0.0180525	0.238219167	0.211095	0.103711667	-0.0685275	-0.001143333	0.083871667	0.114873333	0.083994167	0.120373333	0.322239167	0.195045	0.057535	0.05142	0.0370575	0.359100833	0.147216667	0.158611667	-0.051216667	0.155568333	-0.076848333
2023-06-01	0.055800833	0.040946667	0.248268333	0.179434167	0.015949167	-0.1025725	-0.00948	0.078260833	0.073356667	0.018345	0.100536667	0.164693333	0.176331667	0.061829167	-0.027965833	0.0315525	0.343556667	0.006183333	0.1474975	-0.2257	0.161680833	-0.02922
2023-07-01	-0.01474	0.0624	0.21463	0.1475125	-0.082830833	-0.085695833	-0.018474167	0.075929167	0.0200775	-0.018304167	0.074608333	0.036955	0.009511667	0.06252	-0.0863425	0.024873333	0.280303333	-0.122366667	0.1130225	-0.329291667	0.1381625	0.016675833
2023-08-01	-0.075093333	0.0828225	0.178651667	0.104885	-0.195561667	-0.039555	-0.022494167	0.060068333	-0.027216667	-0.0289675	0.0471125	-0.0343675	0.083715	0.06133	-0.1145775	0.020430833	0.2275025	-0.197683333	0.067404167	-0.420541667	0.0957725	0.0528275
2023-09-01	-0.1535675	0.091591667	0.1610075	0.0718225	-0.310045	0.020013333	-0.001503333	0.0370425	-0.0770825	-0.028098333	0.023609167	-0.0904375	-0.072215	0.059585	-0.116358333	0.0071975	0.186965	-0.1882525	0.032434167	-0.4563425	0.055311667	0.074325833
2023-10-01	-0.207084167	0.103338333	0.167295833	0.0604675	-0.400693333	0.067790833	0.036245	0.021875833	-0.103070833	-0.022580833	0.011529167	-0.143280833	-0.074980833	0.058446667	-0.08635	-0.0049175	0.154953333	-0.071861667	0.023935833	-0.400353333	0.032166667	0.084410833
2023-11-01	-0.239974167	0.1141075	0.178475833	0.086748333	-0.456005	0.104620833	0.059176667	0.0159625	-0.106904167	-0.011834167	0.019849167	-0.179195	-0.078718333	0.057904167	-0.041930833	-0.010185	0.130611667	0.084525833	0.048393333	-0.2768525	0.0407075	0.08777
2023-12-01	-0.245365	0.116383333	0.142940833	0.122165	-0.4655475	0.1304825	0.058246667	0.004466667	-0.095055	9.25E-05	0.038309167	-0.172045833	-0.068909167	0.057029167	-0.018879167	-0.003923333	0.1033525	0.195945833	0.081935833	-0.111184167	0.064820833	0.081495
2024-01-01	-0.2252225	0.119978333	0.069991667	0.141545	-0.428476667	0.148810833	0.039976667	-0.0213925	-0.078425833	0.0078925	0.049961667	-0.153143333	-0.0745225	0.054379167	-0.001429167	0.018859167	0.065515833	0.207791667	0.0935225	0.0552325	0.075669167	0.0742475
2024-02-01	-0.184015	0.128779167	-0.0219025	0.149614167	-0.357966667	0.162889167	0.013589167	-0.044648333	-0.060230833	0.018900833	0.050088333	-0.109491667	-0.070149167	0.050155833	0.007799167	0.042565833	0.0270175	0.185575	0.080826667	0.158746667	0.0622575	0.083991667
2024-03-01	-0.140058333	0.1421725	-0.08318	0.143874167	-0.275808333	0.160250833	-0.01338	-0.067454167	-0.046846667	0.030848333	0.035741667	-0.044961667	-0.036704167	0.044426667	0.021935833	0.043405	-0.019550833	0.088991667	0.041971667	0.234280833	0.02734	0.1007825
2024-04-01	-0.093875	0.144379167	-0.10611	0.134389167	-0.188308333	0.128770833	-0.032964167	-0.095131667	-0.03881	0.030820833	0.008585	0.015506667	0.001758333	0.037370833	0.0350275	0.036035	-0.066680833	-0.068608333	-0.015785	0.2893525	-0.022763333	0.116358333
2024-05-01	-0.048830833	0.124861667	-0.098950833	0.136330833	-0.102191667	0.068633333	-0.039884167	-0.096890833	-0.02795	0.022310833	-0.015161667	0.038059167	0.058305833	0.030035	0.069210833	0.013535	-0.112266667	-0.202433333	-0.058358333	0.332679167	-0.058430833	0.126545833
2024-06-01	-0.0043725	0.100475	-0.083808333	0.142505833	-0.017691667	-0.0053775	-0.022185	-0.077148333	-0.012139167	-0.000328333	-0.026709167	0.002318333	0.1188725	0.022148333	0.099789167	-0.016701667	-0.1385525	-0.3125	-0.0703475	0.32966	-0.0602975	0.138106667
2024-07-01	0.042826667	0.074484167	-0.078640833	0.1526	0.073308333	-0.064965833	0.020665	-0.035421667	0.012586667	-0.028944167	-0.022941667	-0.077956667	0.162315	0.013800833	0.1026425	-0.044166667	-0.156860833	-0.358433333	-0.048934167	0.310444167	-0.029839167	0.150546667
2024-08-01	0.087965	0.039031667	-0.116413333	0.159164167	0.1616	-0.102563333	0.075049167	0.01718	0.039105833	-0.059021667	-0.012766667	-0.1792375	0.1717475	0.007374167	0.0725675	-0.0608275	-0.16746	-0.343466667	-0.0126375	0.308986667	0.0116125	0.158356667
2024-09-01	0.124913333	-0.011983333	-0.1875	0.154230833	0.237733333	-0.106928333	0.12568	0.04904	0.061605833	-0.0791125	-0.000155	-0.2554375	0.116016667	0.003498333	0.0307875	-0.056878333	-0.168355833	-0.300590833	0.021175	0.3339	0.047806667	0.159881667
2024-10-01	0.140413333	-0.054345833	-0.254641667	0.122330833	0.275633333	-0.09567	0.134720833	0.066630833	0.069315833	-0.082706667	0.002996667	-0.2603575	0.024584167	0.004466667	-0.022475	-0.0509175	-0.151554167	-0.214625	0.035345	0.319946667	0.057495	0.14336
2024-11-01	0.1241	-0.074915	-0.282075	0.058265	0.249058333	-0.072775	0.1074125	0.100898333	0.057675	-0.069675	-0.001733333	-0.233639167	-0.059785833	0.0107125	-0.0692775	-0.041434167	-0.109491667	-0.079986667	0.032655	0.224085833	0.043829167	0.087838333
2024-12-01	0.08935	-0.0801325	-0.257	-0.025645833	0.182533333	-0.026255833	0.0500425	0.120733333	0.031075833	-0.0431225	-0.016800833	-0.187209167	-0.129649167	0.021308333	-0.093535833	-0.027909167	-0.048334167	0.0153875	0.0018375	0.067505833	0.002688333	0.012165833
2025-01-01	0.045683333	-0.080336667	-0.1887	-0.1052225	0.095375	0.0364225	-0.017509167	0.112718333	-0.001533333	-0.003108333	-0.035760833	-0.1116275	-0.173923333	0.035779167	-0.078599167	-0.015344167	0.007996667	0.095505833	-0.0433	-0.1277275	-0.054354167	-0.0469075
2025-02-01	0.004516667	-0.0790175	-0.090166667	-0.167245	0.0092	0.095584167	-0.079418333	0.087523333	-0.0284425	0.039695	-0.04847	-0.014553333	-0.1848825	0.051668333	-0.050005	-0.009815	0.0518725	0.159433333	-0.079816667	-0.304733333	-0.1007375	-0.092865
2025-03-01	-0.028791667	-0.06239	-0.0124	-0.174031667	-0.067991667	0.1325875	-0.114683333	0.0371025	-0.04632	0.064180833	-0.050365833	0.054575	-0.143496667	0.06692	-0.0098025	0.003388333	0.073525	0.2090925	-0.092809167	-0.421671667	-0.12181	-0.116706667
2025-04-01	-0.0478	-0.032543333	0.031175	-0.122386667	-0.125375	0.144744167	-0.110145833	0.012203333	-0.042735833	0.0875825	-0.028376667	0.11785	-0.056996667	0.07899	0.043734167	0.028848333	0.0840975	0.3047575	-0.064810833	-0.408216667	-0.1041625	-0.105009167
2025-05-01	-0.0482475	0.006518333	0.047158333	-0.0435875	-0.15139	0.131385833	-0.063609167	0.0086825	-0.018718333	0.111923333	0.017838333	0.185541667	0.0338975	0.087688333	0.1146325	0.067195	0.104684167	0.362198333	-0.004916667	-0.302784167	-0.045684167	-0.069730833
2025-06-01	-0.042359167	0.048581667	0.035775	0.0312275	-0.1578375	0.098213333	0.000465833	0.03885	0.002731667	0.11665	0.050355833	0.181066667	0.102183333	0.091774167	0.1650775	0.092938333	0.117683333	0.350200833	0.038436667	-0.126635	0.001528333	-0.019348333
2025-07-01	-0.035398333	0.0780325	0.05765	0.079455833	-0.15503	0.068965833	0.0827975	0.081355	0.015833333	0.108704167	0.0611825	0.127083333	0.153409167	0.0922975	0.187210833	0.109730833	0.113649167	0.316225	0.053111667	0.038456667	0.019051667	0.031710833
2025-08-01	-0.026538333	0.083590833	0.124783333	0.1044475	-0.141795	0.045656667	0.171484167	0.125798333	0.0265375	0.094556667	0.062044167	0.058916667	0.1883425	0.0895025	0.182285833	0.106018333	0.114869167	0.2931	0.05996	0.157958333	0.027905	0.0614475
2025-09-01	-0.017225	0.087911667	0.228875	0.117854167	-0.1214025	0.030665833	0.233916667	0.157854167	0.037510833	0.077596667	0.065566667	-0.010616667	0.194525	0.084001667	0.165195833	0.092020833	0.1242675	0.2359925	0.071201667	0.225096667	0.047083333	0.065180833
2025-10-01	-0.005663333	0.062490833	0.331766667	0.114709167	-0.090401667	0.023276667	0.249621667	0.158783333	0.049964167	0.056244167	0.0696	-0.050266667	0.175933333	0.076228333	0.114489167	0.06157	0.145366667	0.179501667	0.088876667	0.2812275	0.075610833	0.055894167
2025-11-01	0.008806667	0.0194775	0.404333333	0.112420833	-0.04421	0.0111575	0.225446667	0.119673333	0.0624825	0.027765833	0.0740125	-0.058183333	0.118775	0.065588333	0.047129167	0.02315	0.143361667	0.143416667	0.1142825	0.302863333	0.1108825	0.034118333
2025-12-01	0.019435833	-0.025628333	0.4134	0.109608333	-0.000676667	0.008316667	0.179140833	0.083524167	0.070775	0.012160833	0.078153333	-0.035	0.038966667	0.0530175	-0.0120225	-0.007558333	0.119270833	0.152879167	0.135681667	0.291858333	0.136016667	0.010924167
2026-01-01	0.027913333	-0.049443333	0.360158333	0.093364167	0.036036667	0.019585833	0.1344825	0.051415	0.071741667	0.005301667	0.076533333	-0.017583333	-0.039700833	0.0409	-0.048644167	-0.026694167	0.098515833	0.197564167	0.144960833	0.211058333	0.14315	-0.010496667
2026-02-01	0.028844167	-0.050328333	0.2703	0.060710833	0.058359167	0.0249825	0.090030833	0.019879167	0.057816667	-0.001978333	0.0586225	-0.001158333	-0.1177275	0.030465833	-0.076565833	-0.040703333	0.0676675	0.178203333	0.1205525	0.130125	0.11879	-0.02545
