Date	A5M	AUS	BRA	CAN	CHN	DEU	ESP	FRA	G20	G4E	G7	GBR	IDN	IND	ITA	JPN	KOR	MEX	NAFTA	TUR	USA	ZAF
2021-02-01	 101.33 	101.2404	104.1334	101.4986	102.5248	100.9581	98.16266	99.0315	101.0474	100.1496	100.4667	99.38971	96.10526	100.5456	100.9337	99.81377	102.3779	99.68609	100.7021	99.9632	100.7542	100.3209
2021-03-01	 101.32 	101.4181	104.0269	102.2362	102.3161	101.4521	99.90105	99.44843	101.2494	100.8272	100.9028	100.6663	96.6682	100.6412	101.5438	100.0462	102.6251	100.0722	101.0513	100.3397	101.0647	100.64
2021-04-01	 101.26 	101.5459	103.9831	102.2547	102.0272	101.9205	100.6878	99.88705	101.3869	101.3734	101.2228	101.3495	97.25874	100.7245	102.1995	100.242	102.7843	100.7233	101.3139	100.8414	101.3014	100.9299
2021-05-01	 101.11 	101.6061	104.0024	102.6384	101.6759	102.3084	101.4083	100.404	101.4393	101.8653	101.4449	101.8472	97.4697	100.7943	102.8456	100.383	102.8089	101.0262	101.4222	101.4865	101.3617	101.1411
2021-06-01	 100.93 	101.5837	104.0172	103.2973	101.2779	102.6006	102.0054	100.8242	101.4462	102.2492	101.6044	102.1934	97.73161	100.8496	103.3996	100.4656	102.6854	101.3096	101.4948	102.1809	101.3568	101.253
2021-07-01	 100.57 	101.4856	103.9105	103.399	100.8581	102.7696	102.4586	101.0567	101.3071	102.4712	101.6557	102.3421	95.94244	100.8895	103.7958	100.4951	102.4411	101.5339	101.4801	102.7509	101.3027	101.3057
2021-08-01	 100.33 	101.3135	103.6258	103.3702	100.4472	102.8016	102.7689	101.2116	101.1839	102.5514	101.6436	102.302	95.84084	100.9132	104.0189	100.4865	102.1225	101.6771	101.4353	103.0718	101.2336	101.3536
2021-09-01	 100.21 	101.0943	103.1793	103.3123	100.0754	102.7347	102.9367	101.3037	101.0944	102.5167	101.601	102.1061	97.20558	100.9204	104.0833	100.465	101.7648	101.7866	101.3997	103.1402	101.1822	101.4059
2021-10-01	 100.11 	100.8759	102.6354	103.2421	99.76065	102.5872	102.9537	101.3502	101.0004	102.3877	101.5403	101.805	98.54243	100.9121	103.9818	100.4493	101.413	101.8636	101.3786	103.0312	101.1535	101.4726
2021-11-01	 99.96 	100.7038	102.0565	103.1463	99.49635	102.387	102.8162	101.3557	100.8594	102.1729	101.4568	101.3958	98.64766	100.8892	103.7048	100.4519	101.1134	101.905	101.3575	102.8092	101.1313	101.5502
2021-12-01	 99.81 	100.5969	101.51	103.0103	99.25827	102.1527	102.5476	101.3007	100.7015	101.8644	101.331	100.8321	98.67054	100.8525	103.2574	100.4615	100.876	101.9117	101.3108	102.4859	101.0861	101.6151
2022-01-01	 99.66 	100.5475	101.0481	102.8404	99.02257	101.8837	102.1564	101.1722	100.5165	101.4521	101.1452	100.0854	98.66445	100.8013	102.6369	100.4639	100.6793	101.8958	101.2198	102.1026	100.9928	101.6442
2022-02-01	 99.50 	100.5421	100.7054	102.6272	98.77703	101.567	101.6675	100.962	100.3035	100.9499	100.8993	99.19508	98.65205	100.7351	101.9128	100.4475	100.517	101.8474	101.0769	101.7302	100.8448	101.6094
2022-03-01	 99.34 	100.5683	100.4659	102.3374	98.5336	101.213	101.1479	100.6909	100.0715	100.4048	100.602	98.28006	98.69608	100.6538	101.1363	100.4183	100.3752	101.7302	100.8688	101.3893	100.633	101.506
2022-04-01	 99.21 	100.6052	100.2933	101.9433	98.31701	100.854	100.6605	100.4198	99.83915	99.88377	100.2754	97.46278	98.87806	100.5571	100.3751	100.3802	100.2259	101.546	100.5964	101.1179	100.3607	101.3569
2022-05-01	 99.09 	100.6219	100.1449	101.4412	98.14794	100.5043	100.2247	100.1775	99.60964	99.4102	99.93175	96.77772	99.09724	100.4473	99.64955	100.3329	100.0381	101.2486	100.2629	100.8878	100.0376	101.1974
2022-06-01	 99.01 	100.6008	100.0147	100.8809	98.04039	100.1539	99.84294	99.9762	99.39878	98.98672	99.59988	96.22482	99.32542	100.3277	98.97586	100.2809	99.80267	100.8672	99.91574	100.6765	99.71288	101.055
2022-07-01	 98.94 	100.5336	99.90755	100.3225	97.99713	99.81107	99.56027	99.81761	99.21787	98.62815	99.31277	95.80338	99.33949	100.201	98.41631	100.2251	99.53684	100.4752	99.60751	100.5231	99.4362	100.9362
2022-08-01	 98.90 	100.4143	99.8287	99.81374	98.03956	99.51688	99.41227	99.6909	99.0871	98.35407	99.0863	95.49998	99.25122	100.0693	98.03037	100.166	99.25066	100.1339	99.35984	100.4589	99.22218	100.8351
2022-09-01	 98.92 	100.2272	99.73447	99.37387	98.17316	99.30371	99.37724	99.58512	99.00607	98.17549	98.91619	95.326	99.11982	99.9356	97.81748	100.0992	98.92206	99.90237	99.16691	100.4229	99.05516	100.7492
2022-10-01	 98.98 	100.0017	99.59665	99.00857	98.39598	99.19743	99.42123	99.5118	98.97895	98.12002	98.80629	95.32942	99.03476	99.8028	97.80349	100.0375	98.55503	99.78306	99.01849	100.4054	98.92205	100.6775
2022-11-01	 99.09 	99.7851	99.41481	98.71655	98.71734	99.20634	99.50155	99.45457	99.00376	98.18024	98.75056	95.48935	98.85713	99.67418	97.98043	99.98197	98.18932	99.78431	98.90923	100.4472	98.81551	100.6099
2022-12-01	 99.28 	99.59823	99.23199	98.48673	99.13283	99.30048	99.57064	99.39613	99.09025	98.31597	98.73886	95.77062	98.92622	99.55238	98.25493	99.94145	97.88653	99.88195	98.839	100.5606	98.73925	100.5126
2023-01-01	 99.50 	99.43566	99.0881	98.30318	99.61018	99.41111	99.59792	99.35001	99.20787	98.48373	98.75229	96.15129	98.86562	99.4413	98.53123	99.91499	97.67826	100.0381	98.79594	100.7244	98.68476	100.3686
2023-02-01	 99.75 	99.29996	99.01327	98.14022	100.1042	99.47897	99.56814	99.31947	99.34254	98.65067	98.76917	96.60468	98.86325	99.34438	98.74982	99.89959	97.59431	100.2257	98.75835	100.9047	98.63142	100.1734
2023-03-01	 100.00 	99.17219	99.02594	98.00257	100.5762	99.46661	99.49303	99.3043	99.48336	98.784	98.78412	97.08318	99.00668	99.26373	98.88412	99.89481	97.62899	100.4115	98.73277	101.0961	98.59053	99.93555
2023-04-01	 100.23 	99.04237	99.12558	97.89199	101.0009	99.36709	99.40946	99.30183	99.61441	98.87527	98.8055	97.56748	99.01676	99.1994	98.92944	99.89041	97.75014	100.6172	98.74126	101.2164	98.58603	99.69067
2023-05-01	 100.45 	98.91847	99.29279	97.79962	101.3734	99.18895	99.3341	99.31372	99.74016	98.91827	98.83443	97.99081	99.22222	99.14872	98.92007	99.89061	97.93389	100.7204	98.77596	101.1904	98.62378	99.46986
2023-06-01	 100.64 	98.8102	99.498	97.71525	101.6938	98.98933	99.2775	99.33887	99.85122	98.93206	98.87452	98.33102	99.4052	99.10899	98.88449	99.88955	98.13879	100.7138	98.83325	100.9909	98.70115	99.29388
2023-07-01	 100.78 	98.7216	99.69491	97.63915	101.9395	98.82114	99.23164	99.37818	99.9307	98.93972	98.91607	98.60112	99.42155	99.07792	98.83286	99.88618	98.31748	100.602	98.88616	100.6742	98.78505	99.16277
2023-08-01	 100.87 	98.65807	99.87764	97.55588	102.0807	98.71474	99.19068	99.41528	99.9777	98.96136	98.95199	98.84555	99.52836	99.0547	98.78082	99.88303	98.48083	100.4289	98.91663	100.235	98.84979	99.06837
2023-09-01	 100.88 	98.61534	100.0663	97.46896	102.0977	98.68303	99.17208	99.44025	99.98194	99.00215	98.981	99.06685	99.48672	99.03962	98.74146	99.87123	98.64468	100.2714	98.92926	99.72009	98.89146	98.99665
2023-10-01	 100.83 	98.60204	100.2915	97.39496	101.9971	98.71022	99.18897	99.45761	99.96068	99.05771	99.00946	99.25031	99.44601	99.034	98.73253	99.85075	98.82187	100.2374	98.94726	99.22104	98.92377	98.93593
2023-11-01	 100.72 	98.61897	100.5659	97.36945	101.7978	98.77925	99.22511	99.4753	99.93105	99.12457	99.05465	99.39673	99.41367	99.03897	98.75516	99.82771	99.02186	100.3708	99.00351	98.80755	98.97802	98.8795
2023-12-01	 100.59 	98.65691	100.8431	97.40115	101.5322	98.87421	99.25724	99.48737	99.90379	99.19818	99.12515	99.53869	99.38281	99.05451	98.78004	99.81309	99.23782	100.629	99.10785	98.52689	99.07044	98.81994
2024-01-01	 100.44 	98.717	101.079	97.47356	101.2395	98.98774	99.26988	99.47652	99.8815	99.27174	99.21355	99.67957	99.34853	99.07867	98.8011	99.8244	99.45107	100.9094	99.23823	98.38737	99.18805	98.76015
2024-02-01	 100.30 	98.80449	101.2429	97.57617	100.9522	99.12078	99.25759	99.44209	99.86479	99.34882	99.30859	99.83966	99.31612	99.10923	98.81427	99.864	99.64934	101.174	99.37003	98.3317	99.30657	98.7233
2024-03-01	 100.18 	98.92616	101.3537	97.69436	100.6855	99.26416	99.22159	99.38103	99.84836	99.43382	99.39526	100.0412	99.30421	99.14365	98.83185	99.90855	99.81168	101.3404	99.47375	98.33597	99.40149	98.72304
2024-04-01	 100.07 	99.0731	101.4405	97.823	100.4514	99.39528	99.16855	99.28445	99.82729	99.51822	99.45824	100.283	99.33226	99.17935	98.86119	99.94951	99.92635	101.3313	99.52312	98.38977	99.45079	98.76201
2024-05-01	 99.98 	99.22337	101.5278	97.97385	100.2561	99.48891	99.10999	99.17609	99.80472	99.5971	99.49841	100.5329	99.40587	99.2149	98.93134	99.96963	99.98501	101.166	99.52738	98.49809	99.46223	98.83571
2024-06-01	 99.92 	99.37054	101.6209	98.15282	100.1061	99.52846	99.07056	99.07713	99.78725	99.6572	99.52599	100.7356	99.53561	99.24869	99.04446	99.95869	100.0017	100.8662	99.51374	98.6311	99.46564	98.94472
2024-07-01	 99.88 	99.51079	101.7102	98.36599	100.0194	99.52189	99.07846	99.01112	99.78794	99.69085	99.55641	100.8446	99.72305	99.27927	99.17567	99.9171	99.98369	100.4992	99.51741	98.78403	99.49496	99.08913
2024-08-01	 99.89 	99.63089	101.7498	98.61327	100.0083	99.48338	99.15013	98.99312	99.81335	99.69278	99.59743	100.8308	99.92811	99.30773	99.29073	99.85384	99.93763	100.1309	99.55824	98.9892	99.56628	99.26377
2024-09-01	 99.94 	99.71014	101.6983	98.88555	100.0777	99.43949	99.28524	99.00597	99.86523	99.66926	99.6533	100.7125	100.0948	99.33592	99.37425	99.79021	99.87151	99.79021	99.63852	99.28701	99.67978	99.46247
2024-10-01	 100.01 	99.75159	101.5484	99.15451	100.2039	99.40142	99.44096	99.0376	99.93217	99.63463	99.7151	100.5614	100.1806	99.36824	99.40807	99.72916	99.8016	99.51542	99.73992	99.64204	99.81123	99.66673
2024-11-01	 100.08 	99.77283	101.33	99.38035	100.3307	99.37859	99.57776	99.10788	99.99519	99.60499	99.77325	100.4124	100.1851	99.40986	99.39185	99.675	99.75304	99.3504	99.84249	99.96236	99.93479	99.83412
2024-12-01	 100.13 	99.78686	101.0939	99.5323	100.4206	99.3958	99.66149	99.20509	100.0374	99.59493	99.81384	100.2876	100.1166	99.46541	99.34543	99.632	99.74715	99.25095	99.91128	100.1665	100.0163	99.93959
2025-01-01	 100.15 	99.79648	100.8894	99.60467	100.4502	99.47263	99.67799	99.30338	100.0499	99.62092	99.8294	100.2211	99.99669	99.5396	99.30917	99.59777	99.78279	99.20437	99.92523	100.1889	100.0323	99.99564
2025-02-01	 100.14 	99.80046	100.7589	99.60663	100.4146	99.60889	99.62957	99.38625	100.0357	99.68896	99.82387	100.2399	99.85687	99.63509	99.29961	99.56286	99.85151	99.19924	99.88863	100.0253	99.98838	100.01
2025-03-01	 100.11 	99.81188	100.6913	99.59062	100.3158	99.78487	99.54155	99.4272	100.0022	99.78217	99.80789	100.3175	99.75057	99.75277	99.33144	99.53513	99.93534	99.23269	99.8251	99.71887	99.90885	99.99968
2025-04-01	 100.06 	99.84354	100.6572	99.6178	100.1667	99.97819	99.4553	99.45349	99.97148	99.90171	99.80872	100.4492	99.72642	99.89107	99.4219	99.52893	100.0279	99.37437	99.78185	99.39437	99.83686	99.99764
2025-05-01	 100.02 	99.90703	100.6295	99.7197	99.99342	100.166	99.4173	99.48818	99.96622	100.0515	99.85639	100.644	99.79254	100.0482	99.59155	99.56217	100.146	99.60662	99.79962	99.14554	99.82108	100.0272
2025-06-01	 99.98 	100.0088	100.5784	99.89621	99.81099	100.3311	99.44933	99.56793	99.98547	100.2146	99.94136	100.8332	99.92737	100.221	99.82137	99.62751	100.2875	99.87415	99.86754	99.05416	99.85506	100.1045
2025-07-01	 99.95 	100.1392	100.5384	100.122	99.62292	100.4799	99.57337	99.7073	100.0207	100.3808	100.0431	100.9708	100.1133	100.4073	100.0843	99.72089	100.4391	100.1623	99.95731	99.12067	99.90858	100.2314
2025-08-01	 99.92 	100.2766	100.5644	100.3731	99.4332	100.6203	99.79892	99.90946	100.0685	100.5465	100.1513	101.0478	100.3356	100.6049	100.3553	99.82446	100.61	100.4849	100.059	99.30494	99.97014	100.3864
2025-09-01	 99.90 	100.424	100.711	100.6369	99.24217	100.7611	100.1008	100.1638	100.1279	100.7109	100.2681	101.0667	100.5697	100.8119	100.6247	99.92796	100.8127	100.8055	100.1749	99.55213	100.0479	100.5415
2025-10-01	99.8884	100.5533	100.9968	100.8968	99.05612	100.9101	100.4331	100.4394	100.2002	100.8701	100.3943	101.0578	100.797	101.0263	100.8602	100.0132	101.0632	101.1186	100.3114	99.85075	100.1519	100.682
2025-11-01	99.88068	100.6455	101.4076	101.1573	98.89202	101.0615	100.7568	100.691	100.287	101.0154	100.5315	101.053	100.9822	101.2448	101.0451	100.0692	101.3387	101.4358	100.4787	100.171	100.2926	100.7963
2025-12-01	99.87919	100.6956	101.8871	101.4246	98.75232	101.222	101.0518	100.9172	100.3869	101.1578	100.682	101.0844	101.1034	101.4644	101.1865	100.1007	101.6135	101.8012	100.6783	100.4898	100.4661	100.8861
2026-01-01	99.88484	100.7234	102.3707	101.6919	98.63728	101.4024	101.3234	101.12	100.4958	101.3033	100.843	101.1437	101.1607	101.684	101.3041	100.1173	101.8874	102.2528	100.9049	100.7474	100.6617	100.9556
2026-02-01	99.89281	100.7524	102.8121	101.9477	98.53937	101.5927	101.5756	101.2993	100.6007	101.4479	100.9996	101.2246	101.1508	101.9035	101.4028	100.1233	102.1463	102.7248	101.1288	100.955	100.8525	101.0138
