"B13=Src!B13- AVERAGE(Src!B2:B13)"

Date	A5M	AUS	BRA	CAN	CHN	DEU	ESP	FRA	G20	G4E	G7	GBR	IDN	IND	ITA	JPN	KOR	MEX	NAFTA	TUR	USA	ZAF
2021-02-01																						
2021-03-01																						
2021-04-01																						
2021-05-01																						
2021-06-01																						
2021-07-01																						
2021-08-01																						
2021-09-01																						
2021-10-01																						
2021-11-01																						
2021-12-01																						
2022-01-01	-0.888138333	-0.620141667	-2.129283333	-0.013416667	-1.7058	-0.329316667	0.422790833	0.476701667	-0.5862	-0.371325	-0.1894	-1.274150833	1.268829167	-0.009816667	-0.396525	0.111919167	-1.295008333	0.613209167	-0.077375	0.085641667	-0.167283333	0.42485
2022-02-01	-0.89576	-0.56735	-2.186316667	-0.320666667	-1.639025833	-0.696758333	-0.358179167	0.105626667	-0.737208333	-0.940216667	-0.47135	-2.148251667	1.044196667	-0.091808333	-1.202216667	0.042708333	-1.302233333	0.3847	-0.251508333	-0.434008333	-0.322833333	0.282675
2022-03-01	-0.889375833	-0.470333333	-2.129066667	-0.6189	-1.5672475	-1.030833333	-0.981683333	-0.2690125	-0.87105	-1.450116667	-0.743583333	-2.864418333	0.919236667	-0.174158333	-1.944758333	-0.0175	-1.256541667	0.129333333	-0.4444	-0.862375	-0.498658333	0.107108333
2022-04-01	-0.856305	-0.355041667	-1.994183333	-0.98705	-1.474655	-1.300958333	-1.466808333	-0.584508333	-0.974420833	-1.847010833	-0.991233333	-3.357805	0.966273333	-0.256908333	-2.553925	-0.067116667	-1.192641667	-0.123425	-0.657008333	-1.156816667	-0.692566667	-0.077575
2022-05-01	-0.802363333	-0.256325	-1.821125	-1.389383333	-1.349728333	-1.500316667	-1.803975	-0.807933333	-1.051459167	-2.115989167	-1.2087875	-3.620408333	1.049825	-0.337791667	-3.0131375	-0.110241667	-1.149541667	-0.439358333	-0.8939	-1.337025	-0.905325	-0.241766667
2022-06-01	-0.726885833	-0.195516667	-1.617783333	-1.748316667	-1.187485833	-1.646825	-2.00553	-0.938566667	-1.091700833	-2.267595833	-1.373614167	-3.675926667	1.1451875	-0.4139	-3.3181825	-0.14685	-1.144744167	-0.783891667	-1.109471667	-1.422958333	-1.093051667	-0.367666667
2022-07-01	-0.659944167	-0.183383333	-1.391354167	-2.050341667	-0.992331667	-1.743110833	-2.0466725	-0.993899167	-1.098508333	-2.305911667	-1.46548	-3.552473333	0.87617	-0.483225	-3.429441667	-0.18015	-1.1685525	-1.087666667	-1.2616525	-1.390708333	-1.21419	-0.455675
2022-08-01	-0.573474167	-0.22775	-1.153779167	-2.26273	-0.749265	-1.763574167	-1.914953333	-0.993884167	-1.054545	-2.230214167	-1.478841667	-3.289038333	0.503701667	-0.5446	-3.3163375	-0.212541667	-1.2154125	-1.300366667	-1.3363675	-1.237166667	-1.260591667	-0.513566667
2022-09-01	-0.45438	-0.342591667	-0.96094	-2.3743975	-0.457145	-1.690828333	-1.653361667	-0.956449167	-0.9615475	-2.047026667	-1.4252175	-2.89801	0.212781667	-0.596233333	-3.007075833	-0.248858333	-1.3071175	-1.3748775	-1.343231667	-1.046725	-1.250358333	-0.544741667
2022-10-01	-0.296779167	-0.495241667	-0.845530833	-2.386903333	-0.1206025	-1.5146275	-1.314999167	-0.876569167	-0.820213333	-1.746856667	-1.307283333	-2.354958333	0.086694167	-0.636591667	-2.506206667	-0.276241667	-1.435983333	-1.320809167	-1.294975833	-0.845408333	-1.197514167	-0.550183333
2022-11-01	-0.112481667	-0.635283333	-0.80723	-2.3097775	0.265675	-1.2406625	-0.958458333	-0.775371667	-0.640766667	-1.353915	-1.137493333	-1.702824167	-0.108391667	-0.66396	-1.852235833	-0.292610833	-1.55802	-1.142835	-1.200213333	-0.606775	-1.111071667	-0.539425
2022-12-01	0.120555833	-0.738930833	-0.800215833	-2.162633333	0.691618333	-0.9088375	-0.641288333	-0.6750975	-0.420005833	-0.9224825	-0.933181667	-0.999764167	-0.060608333	-0.677416667	-1.160863333	-0.289793333	-1.6116875	-0.876049167	-1.06446	-0.332933333	-0.991760833	-0.54485
2023-01-01	0.355665833	-0.8088475	-0.7807725	-1.968081667	1.120000833	-0.592158333	-0.400801667	-0.569368333	-0.193333333	-0.507358333	-0.7203425	-0.291251667	-0.1379725	-0.675163333	-0.542424167	-0.270510833	-1.569870833	-0.565090833	-0.905531667	-0.054283333	-0.853914167	-0.58255
2023-02-01	0.581295833	-0.841035833	-0.714591667	-1.757126667	1.503423333	-0.350295833	-0.255635	-0.463030833	0.021416667	-0.148815833	-0.525951667	0.378005	-0.1579425	-0.65619	-0.0602525	-0.240251667	-1.410263333	-0.242349167	-0.749909167	0.194808333	-0.722805833	-0.658083333
2023-03-01	0.781635	-0.852463333	-0.581925	-1.533540833	1.805206667	-0.217123333	-0.192839167	-0.362650833	0.211248333	0.119580833	-0.359511667	0.956245	-0.040395833	-0.621000833	0.261729167	-0.2014075	-1.1467325	0.0533425	-0.597486667	0.410641667	-0.59349	-0.7650625
2023-04-01	0.923374167	-0.8520475	-0.384975	-1.306511667	2.006249167	-0.192734167	-0.172155833	-0.271956667	0.361026667	0.2948925	-0.21564	1.43182	-0.041874167	-0.572189167	0.427520833	-0.164991667	-0.819269167	0.3364425	-0.434401667	0.522733333	-0.450100833	-0.87109
2023-05-01	1.0294775	-0.833995	-0.146755833	-1.095416667	2.109960833	-0.261261667	-0.173299167	-0.188085	0.4759	0.378886667	-0.095266667	1.754059167	0.153170833	-0.514654167	0.478940833	-0.127934167	-0.460168333	0.483659167	-0.27579	0.471516667	-0.2945325	-0.947938333
2023-06-01	1.085278333	-0.793048333	0.1015125	-0.9159825	2.12591	-0.363834167	-0.182779167	-0.109824167	0.549256667	0.397231667	0.00527	1.9187525	0.3295025	-0.452825	0.450975	-0.096381667	-0.116611667	0.4898425	-0.1282925	0.245816667	-0.132851667	-0.977158333
2023-07-01	1.070538333	-0.730648333	0.3161425	-0.76847	2.043079167	-0.44953	-0.201253333	-0.033895	0.569334167	0.3789275	0.079878333	1.9557075	0.339014167	-0.390305	0.3646325	-0.071508333	0.163691667	0.367475833	-0.01527	-0.083475	0.005310833	-0.9604825
2023-08-01	0.995445	-0.647825833	0.494794167	-0.663585	1.8475175	-0.489085	-0.2237475	0.026173333	0.5421175	0.34996	0.126990833	1.92134	0.422729167	-0.328975	0.250055	-0.0510775	0.391194167	0.1697925	0.052134167	-0.504016667	0.101083333	-0.907655
2023-09-01	0.8418775	-0.556234167	0.655801667	-0.5917625	1.5374725	-0.469071667	-0.225250833	0.063215833	0.465035	0.321861667	0.1506	1.8309025	0.350514167	-0.26939	0.133696667	-0.04388	0.578159167	-0.01846	0.084568333	-0.960359167	0.156395	-0.833329167
2023-10-01	0.634793333	-0.452895833	0.8230975	-0.531295	1.136779167	-0.401280833	-0.189005833	0.085091667	0.361964167	0.299280833	0.162129167	1.687621667	0.275533333	-0.210943333	0.047346667	-0.0487975	0.7331125	-0.090321667	0.108504167	-1.3607125	0.188561667	-0.748918333
2023-11-01	0.394819167	-0.338788333	1.001573333	-0.444546667	0.680774167	-0.29666	-0.129829167	0.101054167	0.25506	0.287446667	0.181978333	1.508426667	0.196815	-0.153039167	0.005415833	-0.0589825	0.863724167	-0.005795833	0.1568975	-1.637565	0.229269167	-0.661148333
2023-12-01	0.149454167	-0.222405	1.144514167	-0.322381667	0.215226667	-0.1661775	-0.0715825	0.105520833	0.160005	0.287539167	0.2202875	1.336380833	0.127905833	-0.09601	-0.013463333	-0.062905833	0.967076667	0.19015	0.238833333	-1.748749167	0.29409	-0.579653333
2024-01-01	-0.075768333	-0.102426667	1.214505833	-0.180836667	-0.21325	-0.017366667	-0.031605833	0.084128333	0.081579167	0.295431667	0.270249167	1.1832375	0.053383333	-0.041630833	-0.0148925	-0.044046667	1.0325925	0.397941667	0.332355833	-1.693516667	0.369759167	-0.505405833
2024-02-01	-0.259783333	0.0263525	1.192603333	-0.0312225	-0.571216667	0.1455225	-0.018016667	0.03948	0.021348333	0.3143325	0.3203375	1.073745833	-0.016765833	0.008525	-0.007093333	-0.001480833	1.05961	0.583516667	0.4131825	-1.53477	0.432016667	-0.421414167
2024-03-01	-0.399841667	0.168525	1.109423333	0.112651667	-0.847025	0.305773333	-0.031396667	-0.027974167	-0.025498333	0.345180833	0.356079167	1.028784167	-0.05347	0.052951667	0.0148425	0.041924167	1.040059167	0.672508333	0.455154167	-1.300489167	0.459356667	-0.320631667
2024-04-01	-0.493716667	0.312904167	1.003313333	0.247040833	-1.035333333	0.434544167	-0.064360833	-0.123105833	-0.064308333	0.376001667	0.364664167	1.044290833	-0.051711667	0.0903225	0.04987	0.077959167	0.973378333	0.6039	0.439369167	-1.011136667	0.436593333	-0.204273333
2024-05-01	-0.5425475	0.437765833	0.9043625	0.383371667	-1.137525	0.5031775	-0.104245	-0.219996667	-0.092258333	0.3983125	0.3495025	1.08235	0.006594167	0.1203575	0.119080833	0.091494167	0.861111667	0.401466667	0.381010833	-0.6784575	0.3781625	-0.0777275
2024-06-01	-0.54692	0.538240833	0.820554167	0.5258775	-1.155216667	0.4978	-0.12643	-0.297145	-0.1043975	0.397984167	0.322793333	1.084668333	0.125466667	0.142505833	0.21887	0.0747925	0.722559167	0.088966667	0.310663333	-0.3487975	0.317865	0.060379167
2024-07-01	-0.504093333	0.612725	0.741913333	0.6784775	-1.081908333	0.432834167	-0.105765	-0.332566667	-0.091810833	0.36904	0.299851667	1.006711667	0.287781667	0.156306667	0.3215125	0.030625833	0.565698333	-0.269466667	0.261729167	-0.038353333	0.288025833	0.210925833
2024-08-01	-0.416128333	0.651756667	0.6255	0.837641667	-0.920308333	0.330270833	-0.030715833	-0.315386667	-0.052705	0.310018333	0.287085	0.827474167	0.459529167	0.163680833	0.39408	-0.030201667	0.398238333	-0.612933333	0.249091667	0.270633333	0.299638333	0.3692825
2024-09-01	-0.291215	0.639773333	0.438	0.9918725	-0.682575	0.2233425	0.094964167	-0.266346667	0.008900833	0.230905833	0.28693	0.572036667	0.575545833	0.167179167	0.4248675	-0.08708	0.2298825	-0.913524167	0.270266667	0.604533333	0.347445	0.529164167
2024-10-01	-0.150801667	0.5854275	0.183358333	1.114203333	-0.406941667	0.1276725	0.229685	-0.199715833	0.078216667	0.148199167	0.289926667	0.311679167	0.60013	0.171645833	0.4023925	-0.1379975	0.078328333	-1.128149167	0.305611667	0.92448	0.40494	0.672524167
2024-11-01	-0.026701667	0.5105125	-0.098716667	1.172468333	-0.157883333	0.0548975	0.3370975	-0.0988175	0.135891667	0.078524167	0.288193333	0.07804	0.540344167	0.182358333	0.333115	-0.179431667	-0.031163333	-1.208135833	0.338266667	1.148565833	0.448769167	0.7603625
2024-12-01	0.062648333	0.43038	-0.355716667	1.1468225	0.02465	0.028641667	0.38714	0.021915833	0.1669675	0.035401667	0.2713925	-0.109169167	0.410695	0.203666667	0.239579167	-0.207340833	-0.0794975	-1.192748333	0.340104167	1.216071667	0.4514575	0.772528333
2025-01-01	0.108331667	0.350043333	-0.544416667	1.0416	0.120025	0.065064167	0.369630833	0.134634167	0.165434167	0.032293333	0.235631667	-0.220796667	0.236771667	0.239445833	0.16098	-0.222685	-0.071500833	-1.0972425	0.296804167	1.088344167	0.397103333	0.725620833
2025-02-01	0.112848333	0.271025833	-0.634583333	0.874355	0.129225	0.160648333	0.2902125	0.2221575	0.136991667	0.071988333	0.187161667	-0.23535	0.051889167	0.291114167	0.110975	-0.2325	-0.019628333	-0.937809167	0.2169875	0.783610833	0.296365833	0.632755833
2025-03-01	0.084056667	0.208635833	-0.646983333	0.700323333	0.061233333	0.293235833	0.175529167	0.25926	0.090671667	0.136169167	0.136795833	-0.180775	-0.0916075	0.358034167	0.1011725	-0.229111667	0.053896667	-0.728716667	0.124178333	0.361939167	0.174555833	0.516049167
2025-04-01	0.036256667	0.1760925	-0.615808333	0.577936667	-0.064141667	0.43798	0.065383333	0.271463333	0.047935833	0.223751667	0.108419167	-0.062925	-0.148604167	0.437024167	0.144906667	-0.200263333	0.137994167	-0.423959167	0.0593675	-0.0462775	0.070393333	0.41104
2025-05-01	-0.011990833	0.182610833	-0.56865	0.534349167	-0.215531667	0.569365833	0.001774167	0.280145833	0.0292175	0.335675	0.1262575	0.122616667	-0.114706667	0.5247125	0.259539167	-0.133068333	0.242678333	-0.061760833	0.054450833	-0.349061667	0.024709167	0.341309167
2025-06-01	-0.05435	0.2311925	-0.532875	0.565576667	-0.373369167	0.667579167	0.00224	0.318995833	0.031949167	0.452325	0.176613333	0.303683333	-0.012523333	0.616486667	0.424616667	-0.04013	0.360361667	0.28844	0.0928875	-0.475696667	0.0262375	0.321960833
2025-07-01	-0.089748333	0.309225	-0.475225	0.6450325	-0.528399167	0.736545	0.0850375	0.400350833	0.0477825	0.561029167	0.237795833	0.430766667	0.140885833	0.708784167	0.6118275	0.069600833	0.474010833	0.604665	0.145999167	-0.43724	0.045289167	0.353671667
2025-08-01	-0.116286667	0.392815833	-0.350441667	0.74948	-0.670194167	0.782201667	0.256521667	0.526149167	0.07432	0.655585833	0.29984	0.489683333	0.329228333	0.798286667	0.794113333	0.175619167	0.58888	0.897765	0.205959167	-0.279281667	0.073194167	0.415119167
2025-09-01	-0.133511667	0.4807275	-0.121566667	0.867334167	-0.791596667	0.8128675	0.490438333	0.684003333	0.111830833	0.7331825	0.365406667	0.479066667	0.523753333	0.882288333	0.959309167	0.26764	0.7131475	1.1337575	0.277160833	-0.054185	0.1202775	0.4803
2025-10-01	-0.139175	0.543218333	0.2102	0.982043333	-0.881998333	0.836144167	0.74006	0.842786667	0.161795	0.789426667	0.435006667	0.4288	0.699686667	0.958516667	1.073798333	0.32921	0.858514167	1.313259167	0.3660375	0.2270425	0.195888333	0.536194167
2025-11-01	-0.130368333	0.562695833	0.614533333	1.094464167	-0.926208333	0.847301667	0.965506667	0.96246	0.2242775	0.8171925	0.509019167	0.370616667	0.818461667	1.024105	1.1209275	0.35236	1.001875833	1.456675833	0.48032	0.529905833	0.306770833	0.5703125
2025-12-01	-0.1109325	0.5370675	1.027933333	1.2040725	-0.926885	0.855618333	1.1446475	1.045984167	0.2950525	0.829353333	0.5871725	0.335616667	0.857428333	1.0771225	1.108905	0.344801667	1.121146667	1.609555	0.616001667	0.821764167	0.4427875	0.581236667
2026-01-01	-0.083019167	0.487624167	1.388091667	1.297436667	-0.890848333	0.875204167	1.27913	1.097399167	0.366794167	0.834655	0.663705833	0.318033333	0.8177275	1.1180225	1.060260833	0.3181075	1.2196625	1.807119167	0.7609625	1.0328225	0.5859375	0.57074
2026-02-01	-0.054175	0.437295833	1.658391667	1.3581475	-0.832489167	0.900186667	1.369160833	1.117278333	0.424610833	0.832676667	0.722328333	0.316875	0.7	1.148488333	0.983695	0.277404167	1.28733	1.9853225	0.881515	1.1629475	0.7047275	0.54529
