Index	Date	Displacement	Velocity	Adj. Radius	Angle	Angle(x Pi)	Phase(R)	Displacement	Velocity	Phase(N)
13	2022년 2월	-0.323	-0.156	2.131	3.591	1.14	3	-1.92 	-0.93 	3
14	2022년 3월	-0.499	-0.176	2.295	3.481	1.11	3	-2.16 	-0.76 	3
15	2022년 4월	-0.693	-0.194	2.459	3.415	1.09	3	-2.37 	-0.66 	3
16	2022년 5월	-0.905	-0.213	2.623	3.372	1.07	3	-2.55 	-0.60 	3
17	2022년 6월	-1.093	-0.188	2.787	3.312	1.05	3	-2.75 	-0.47 	3
18	2022년 7월	-1.214	-0.121	2.951	3.241	1.03	3	-2.94 	-0.29 	3
19	2022년 8월	-1.261	-0.046	3.115	3.178	1.01	3	-3.11 	-0.11 	3
20	2022년 9월	-1.250	0.010	3.279	3.133	1.00	2	-3.28 	 0.03 	2
21	2022년 10월	-1.198	0.053	3.443	3.097	0.99	2	-3.44 	 0.15 	2
22	2022년 11월	-1.111	0.086	3.607	3.064	0.98	2	-3.60 	 0.28 	2
23	2022년 12월	-0.992	0.119	3.770	3.022	0.96	2	-3.74 	 0.45 	2
24	2023년 1월	-0.854	0.138	3.934	2.982	0.95	2	-3.88 	 0.63 	2
25	2023년 2월	-0.723	0.131	4.098	2.962	0.94	2	-4.03 	 0.73 	2
26	2023년 3월	-0.593	0.129	4.262	2.927	0.93	2	-4.16 	 0.91 	2
27	2023년 4월	-0.450	0.143	4.426	2.833	0.90	2	-4.22 	 1.34 	2
28	2023년 5월	-0.295	0.156	4.590	2.656	0.85	2	-4.06 	 2.14 	2
29	2023년 6월	-0.133	0.162	4.754	2.259	0.72	2	-3.02 	 3.67 	2
30	2023년 7월	0.005	0.138	4.918	1.532	0.49	1	 0.19 	 4.91 	1
31	2023년 8월	0.101	0.096	5.082	0.758	0.24	1	 3.69 	 3.50 	1
32	2023년 9월	0.156	0.055	5.246	0.340	0.11	1	 4.95 	 1.75 	1
33	2023년 10월	0.189	0.032	5.410	0.169	0.05	1	 5.33 	 0.91 	1
34	2023년 11월	0.229	0.041	5.574	0.176	0.06	1	 5.49 	 0.97 	1
35	2023년 12월	0.294	0.065	5.738	0.217	0.07	1	 5.60 	 1.24 	1
36	2024년 1월	0.370	0.076	5.902	0.202	0.06	1	 5.78 	 1.18 	1
37	2024년 2월	0.432	0.062	6.066	0.143	0.05	1	 6.00 	 0.87 	1
38	2024년 3월	0.459	0.027	6.230	0.059	0.02	1	 6.22 	 0.37 	1
39	2024년 4월	0.437	-0.023	6.393	-0.052	-0.02	4	 6.38 	-0.33 	4
40	2024년 5월	0.378	-0.058	6.557	-0.153	-0.05	4	 6.48 	-1.00 	4
41	2024년 6월	0.318	-0.060	6.721	-0.187	-0.06	4	 6.60 	-1.25 	4
42	2024년 7월	0.288	-0.030	6.885	-0.103	-0.03	4	 6.85 	-0.71 	4
43	2024년 8월	0.300	0.012	7.049	0.039	0.01	1	 7.04 	 0.27 	1
44	2024년 9월	0.347	0.048	7.213	0.137	0.04	1	 7.15 	 0.98 	1
45	2024년 10월	0.405	0.057	7.377	0.141	0.04	1	 7.30 	 1.04 	1
46	2024년 11월	0.449	0.044	7.541	0.097	0.03	1	 7.51 	 0.73 	1
47	2024년 12월	0.451	0.003	7.705	0.006	0.00	1	 7.70 	 0.05 	1
48	2025년 1월	0.397	-0.054	7.869	-0.136	-0.04	4	 7.80 	-1.07 	4
49	2025년 2월	0.296	-0.101	8.033	-0.328	-0.10	4	 7.61 	-2.59 	4
50	2025년 3월	0.175	-0.122	8.197	-0.609	-0.19	4	 6.72 	-4.69 	4
51	2025년 4월	0.070	-0.104	8.361	-0.976	-0.31	4	 4.68 	-6.93 	4
52	2025년 5월	0.025	-0.046	8.525	-1.075	-0.34	4	 4.06 	-7.50 	4
53	2025년 6월	0.026	0.002	8.689	0.058	0.02	1	 8.67 	 0.51 	1
54	2025년 7월	0.045	0.019	8.852	0.398	0.13	1	 8.16 	 3.43 	1
55	2025년 8월	0.073	0.028	9.016	0.364	0.12	1	 8.42 	 3.21 	1
56	2025년 9월	0.120	0.047	9.180	0.373	0.12	1	 8.55 	 3.35 	1
57	2025년 10월	0.196	0.076	9.344	0.368	0.12	1	 8.72 	 3.36 	1
58	2025년 11월	0.307	0.111	9.508	0.347	0.11	1	 8.94 	 3.23 	1
59	2025년 12월	0.443	0.136	9.672	0.298	0.09	1	 9.25 	 2.84 	1
60	2026년 1월	0.586	0.143	9.836	0.240	0.08	1	 9.56 	 2.33 	1
61	2026년 2월	0.705	0.119	10.000	0.167	0.05	1	 9.86 	 1.66 	1
