date	M2WD Index	M2US Index	NDX Index	M2US000G Index	M2US000V Index	M2WOU Index	M2EF Index	M2KR Index	GDDUAS Index	LEGATRUU Index	LBUSTRUU Index	LBUTTRUU Index	LUACTRUU Index	LF98TRUU Index	LG38TRUU Index	EMUSTRUU Index	KISKALBI Index	SPGSCITR Index	XAU Curncy	FNRETR Index	DWXRSN Index	SPGTINTR Index	USDKRW Curncy	KOCRD Index	한국채권	미국성장주레버리지
2004-10-29	367.98	3428.83	1486.72	3053.56	5007.36	3558.89	722.81	223.86	2066.437	307.6313	1207.31	179.1398	1504.87	748.97	316.6211	415.2284	134.1904	6162.906	426.24	5860.44	3038.11	1634.82	1119.35	3.5	132.1315	100
2004-11-30	388.19	3569.83	1571.5	3166.99	5231.8	3796.6	789.76	247.8	2244.275	315.7826	1197.68	178.7116	1489.56	758	332.2472	418.8623	134.8985	5864.785	452.05	6112.63	3309.98	1755.34	1048.5	3.25	132.7815	97.93628299
2004-12-31	403.32	3694.97	1621.12	3279.82	5412.18	3957.32	827.78	254.6	2340.565	320.621	1208.7	181.8297	1509.94	769.3	338.619	428.6488	135.4492	5278.977	438.15	6409.3	3499.52	1818.88	1035.1	3.25	133.3444	101.4554423
2005-01-31	394.85	3603.49	1519.63	3181.83	5305.84	3879.73	830.4	273.53	2357.643	317.2467	1216.29	181.8436	1521.97	768.3	331.6194	431.5881	133.3936	5635.918	424.35	5871.11	3456.66	1871.06	1026	3.25	131.2621	86.99387023
2005-02-28	408.71	3678.65	1511.02	3217.08	5467.77	4053.25	903.31	302.31	2489.83	317.8506	1209.11	181.0669	1512.9	779.6	333.8454	436.658	133.9902	5986.822	436.6	6051.17	3525.45	1909.21	1004.03	3.25	131.7919	82.2368113
2005-03-31	399.87	3619.89	1482.53	3165.24	5381.22	3962.82	843.8	285.49	2391.902	314.0052	1202.9	181.2287	1492.85	756.93	328.4179	425.3703	134.7247	6439.382	428.1	5957.39	3388.4	1859.01	1015.45	3.25	132.5055	80.9013239
2005-04-29	391.32	3554.49	1420.79	3097.67	5301.27	3866.03	821.31	271.59	2353.514	318.1145	1219.18	184.6895	1512.21	749.55	332.5774	431.1473	135.7159	5856.562	433.23	6274.28	3442.69	1868.91	997.1	3.25	133.4406	71.29663251
2005-05-31	398.92	3670.69	1542.63	3238.99	5407.88	3876.98	850.23	284.93	2351.835	313.8526	1232.37	185.9595	1533	762.86	323.1252	442.5868	136.6614	5813.643	415.76	6491.75	3488.83	1881.6	1008	3.25	134.3767	85.15468775
2005-06-30	403.13	3679.89	1493.52	3234.77	5442.41	3941.95	879.58	285.75	2487.761	312.4451	1239.09	186.7508	1545.57	777.83	319.6316	450.5977	136.0002	6150.555	436.2	6818.11	3561.47	1971.19	1034.5	3.25	133.6975	83.9976983
2005-07-29	418.14	3818.16	1605.14	3395.79	5579.75	4069.53	941.81	321.08	2546.426	309.9434	1227.82	182.8303	1530.31	791.43	317.2854	451.4232	135.9	6488.547	427.9	7304.67	3627.33	1994.66	1026.95	3.25	133.5855	95.16859943
2005-08-31	421.51	3782.7	1581.71	3359.91	5535.35	4183.1	950.29	310.87	2572.211	315.0448	1243.56	187.0494	1553.74	792.94	323.2632	459.2191	136.6504	7471.138	432.01	7037.59	3684.66	2031.24	1034.5	3.25	134.319	93.68313953
2005-09-30	434.31	3815.12	1601.66	3371.22	5612.66	4374.91	1038.9	348.63	2762.932	310.0292	1230.74	186.7875	1528.65	785.03	316.899	469.5384	136.003	7472.479	473.3	7079.51	3823.93	2121.61	1042.4	3.25	133.6598	97.41825467
2005-10-31	422.69	3752.53	1579.18	3333.87	5489.87	4233.87	971.03	327.9	2591.231	305.4141	1221	184.4007	1511	779.55	310.7753	462.7565	135.5199	6700.938	472.53	6912.01	3682.47	2018.22	1040.5	3.5	133.1908	94.25075274
2005-11-30	438.3	3904.16	1672.56	3479.26	5693.43	4347.2	1051.42	366.66	2688.127	303.2463	1226.4	184.7205	1519.88	783.62	306.215	470.2013	135.6237	6443.1	494.8	7203.25	3759.68	2039.78	1033.7	3.5	133.2951	104.0149856
2005-12-30	449.19	3906.35	1645.2	3457.66	5736.18	4549.17	1113.71	402.28	2751.091	306.2398	1238.06	186.9924	1535.25	790.35	309.3263	481.2498	136.3301	6627.923	513.3	7188.84	3994.57	2091.17	1010	3.75	133.9727	95.83495259
2006-01-31	471.4	4012.97	1710.75	3555.12	5887.48	4837.26	1238.78	438.48	2946.959	310.1028	1238.13	186.9748	1532.02	802.96	315.7611	487.2309	137.4814	6915.184	569.79	7714.01	4226.25	2216.88	964.65	3.75	135.1063	94.43860583
2006-02-28	470.9	4017.05	1670.57	3530.12	5942.23	4821.85	1237.6	426.17	2907.756	309.003	1242.24	186.8851	1538.94	808.32	313.2677	497.8852	138.411	6216.447	556.75	7852.02	4341.17	2252.28	971	4	135.9899	91.14416334
2006-03-31	481.01	4068.57	1703.66	3575.93	6017.51	4977.13	1248.69	424.41	2922.493	305.9398	1230.05	182.7851	1517.25	813.16	310.1415	489.0299	138.8209	6535.376	585.93	8248.59	4459.8	2237.52	971.65	4	136.3586	94.80189264
2006-04-28	497.27	4122.2	1700.71	3577.31	6175.46	5218.6	1337.8	453.21	3190.836	311.7309	1227.82	182.6306	1511.94	818.17	320.1787	488.6852	139.7685	6949.29	638.32	7942.04	4592.3	2342.24	943.2	4	137.2501	88.85885339
2006-05-31	478.08	4000.22	1579.58	3452.94	6024.47	5026.33	1197.91	418.69	3014.086	315.7516	1226.51	183.1686	1509.39	818.06	327.1083	478.901	140.6669	6895.806	648.58	7715.96	4465.72	2369.45	945.7	4	138.131	76.55839258
2006-06-30	478.07	4004.71	1575.23	3441.72	6056.51	5022.09	1195.37	411.81	3038.805	313.2429	1229.11	183.687	1511.29	815.19	322.5409	478.8016	140.7584	6975.966	600.25	8117.39	4527.49	2399.48	948.7	4.25	138.2088	76.55818768
2006-07-31	481.45	4018.08	1509.43	3370.47	6215.89	5069.79	1212.95	411.17	3075.875	316.3634	1245.73	186.6752	1533.37	823.17	325.0344	494.1658	141.7152	7115.849	634.58	8391.19	4714.47	2461.06	955.2	4.25	139.1731	71.10249011
2006-08-31	494.18	4115.15	1579.73	3465.75	6342.63	5215.35	1244.46	421.36	3170.58	320.019	1264.8	189.9127	1561.94	836.52	328.0252	506.3395	142.5928	6599.417	622.7	8708.79	4856.6	2541.64	961.3	4.5	139.9998	78.61556846
2006-09-29	500.07	4219.91	1654.13	3560.06	6493.83	5212.27	1254.93	434.34	3129.385	319.9951	1275.91	190.2246	1579.83	848.38	326.1804	509.2745	143.804	5892.855	601.8	8869.74	5015.39	2571.06	946.25	4.5	141.1696	83.38064251
2006-10-31	518.92	4364.12	1732.54	3685.85	6708.95	5418.79	1314.6	432.51	3387.723	323.0906	1284.35	189.8998	1592.61	859.92	329.9664	518.3983	143.9275	5741.511	601.1	9425.35	5260.15	2666.69	942.35	4.5	141.2857	90.49256145
2006-11-30	533.85	4450.72	1791.25	3762.44	6836.2	5581.78	1412.5	456.68	3527.191	330.9593	1299.25	192.2479	1615.96	874.37	340.6895	524.4255	144.1679	6058.907	638.8	9863.5	5548.69	2840.21	929.55	4.5	141.5176	94.00952884
2006-12-29	545.9	4504.77	1756.9	3765.35	6996.62	5742.36	1476.24	455.35	3645.393	326.572	1291.71	187.7637	1601.26	883.97	334.571	529.1585	144.3152	5627.641	635.3	9709.31	5904.06	2917.66	929.7	4.5	141.6939	90.35903749
2007-01-31	551.45	4586.41	1792.28	3857.98	7079.25	5777.93	1461.33	435.39	3653.599	323.3623	1291.18	188.0093	1601.38	893.84	329.3014	527.8832	144.7887	5498.775	646.5	10526.96	6005.35	2936.93	941.2	4.5	142.1479	96.19702012
2007-02-28	548.76	4502.53	1761.65	3777.9	6967	5825.08	1452.86	454.83	3784.77	330.0166	1311.09	192.0224	1634.36	906.34	337.1596	536.2434	145.7479	5735.058	676.15	10291.24	6172.79	2979.24	941.7	4.5	143.0786	92.93567806
2007-03-30	560	4551.23	1772.36	3798.46	7079.19	5977.13	1511.06	469.19	3994.487	330.7967	1311.13	192.4752	1624.99	907.3	338.454	540.5705	146.4953	5920.547	663.5	10045.6	6363.33	3110.77	940.8	4.5	143.8222	93.81058199
2007-04-30	585.16	4746.32	1867.75	3966.06	7374	6254.41	1582.97	497.64	4233.778	334.5356	1318.2	193.8423	1636.91	919.09	343.5356	545.9946	146.2857	5904.263	678.02	10043.61	6500.13	3245.91	930.85	4.5	143.6341	101.737748
2007-05-31	603.11	4912.53	1928.19	4103.39	7635.02	6401.14	1660.28	538.82	4300.513	329.3193	1308.21	191.3097	1620.55	925.96	336.4854	543.8883	146.596	5812.55	656.95	10048.86	6626.32	3348.08	927.78	4.5	143.9366	107.5429747
2007-06-29	601.55	4830.39	1934.1	4055.75	7468.75	6409.73	1738.81	554.96	4416.606	327.8588	1304.34	191.0177	1612.62	909.33	334.7326	534.4765	146.6925	5999.78	650.9	9137.56	6216.92	3304.15	923.9	4.5	144.0153	107.2145269
2007-07-31	592.5	4680.88	1932.06	3985.47	7135.76	6321.88	1831.46	616.12	4356.255	334.517	1315.22	195.365	1616.35	877.13	344.0653	528.028	147.632	6332.53	666.9	8424.63	5895.61	3264.16	919.3	4.75	144.948	105.8278673
2007-08-31	591.11	4751.96	1988.73	4047.8	7240.69	6232	1793.13	588.73	4283.871	338.6358	1331.34	197.0569	1629.43	889.09	348.2168	533.0486	147.5154	6067.4	668.8	8978.24	5872.3	3274.68	938.3	5	144.8502	116.4489314
2007-09-28	623.03	4932.33	2091.11	4216.52	7487.44	6587.43	1991.31	632.61	4925.455	346.236	1341.44	199.6866	1641.98	912.36	359.3192	545.3834	147.8799	6687.84	738.48	9373.8	6189.91	3464.59	915.28	5	145.2187	122.3412005
2007-10-31	647.47	5015.45	2238.98	4350.28	7497.25	6874.64	2213.54	677.49	5297.196	351.8794	1353.49	201.9273	1661.7	917.83	366.7582	556.6347	148.7	7330.34	783.75	9478.84	6310.49	3682.52	900.75	5	146.0308	135.3739854
2007-11-30	619.1	4803.74	2089.1	4196.34	7125.84	6607.65	2056.72	612.92	4904.131	358.604	1377.83	209.939	1671.65	897.92	373.8592	552.9601	148.1024	7059.31	794.35	8619.15	5834.94	3605.32	921.17	5	145.4849	122.8655064
2007-12-31	612.41	4776.31	2084.93	4203.33	7030.73	6484.1	2064.11	603.71	4731.308	357.5349	1381.7	209.6087	1674.29	900.54	371.4817	556.4632	148.4632	7466.3	836.7	8185.75	5557.46	3594.14	935.37	5	145.9339	126.0510837
2008-01-31	562.39	4486.44	1841.42	3868.46	6744.86	5900.27	1807.13	521.46	4295.423	367.4668	1404.91	217.9103	1691.33	888.52	384.0888	559.7626	152.1513	7464.4	923.78	8101.79	5257.22	3308.21	943.95	5	149.4353	98.54208607
2008-02-29	564.25	4346.96	1745.27	3811.21	6423.49	6009.07	1941.17	550.39	4433.371	373.6136	1406.86	220.5891	1693.21	876.4	393.9405	558.7771	153.147	8304.77	971.65	7813.51	5272.82	3360.75	939	5	150.349	87.19348509
2008-03-31	556.22	4330.95	1781.93	3792.94	6407.43	5926.25	1838.62	526.79	4192.78	381.2352	1411.66	220.4588	1671.7	873.38	406.1183	557.6399	153.218	8207.26	934.94	8300.4	5166.37	3293.3	990.3	5	150.4732	100.5098228
2008-04-30	587.66	4545.32	1917.7	4014.9	6663.48	6262.85	1988.13	564.69	4547.442	373.9583	1408.71	215.8111	1686.99	911.02	394.4574	564.364	154.5833	8860.93	864.93	8786.74	5400.29	3426.61	1002.4	5	151.7485	118.3867391
2008-05-30	597.51	4617.85	2032.57	4160.23	6625.33	6369.06	2025.59	554.78	4659.077	369.8232	1398.38	216.5161	1670.89	914.31	389.3834	566.4925	153.3493	9667.6	882.5	8854.47	5288.77	3508.84	1030.05	5	150.5616	139.3944627
2008-06-30	548.65	4241.46	1837.09	3880.97	5986.39	5875.32	1823.79	486.84	4372.448	370.1382	1397.26	219.8379	1660.2	888.75	390.0561	555.3021	152.6288	10560	934.01	7891.5	4685.17	3276.74	1046.05	5	149.8887	116.3778915
2008-07-31	534.57	4192.95	1849.15	3811.35	5959.64	5666.9	1756.44	479	4065.774	370.648	1396.11	218.7195	1647.79	876.91	391.1224	558.9767	153.1879	9267.7	909.8	8165.42	4625.25	3147.5	1012.15	5	150.4691	110.2144478
2008-08-29	523.28	4250.38	1872.54	3858.99	6048.97	5449.33	1616.72	412.89	3900.299	364.5218	1409.36	220.5061	1659.64	879.98	378.2439	561.6791	153.6106	8609.5	836.05	8345.81	4412.46	3026.08	1088.95	5.25	150.932	129.8523836
2008-09-30	458.09	3860.51	1594.63	3405.42	5659.92	4664.49	1333.96	368.95	3225.887	355.9454	1390.43	212.0638	1530.7	809.78	367.0439	523.0764	154.236	7538.3	894.45	8329.68	3793.26	2663.87	1206.85	5.25	151.6255	115.1398643
2008-10-31	367.43	3200.3	1334.78	2785.92	4753.82	3694.62	969.08	272.57	2402.97	342.8245	1357.61	193.6325	1432.06	680.97	350.8223	421.3348	156.1111	5412.6	729.75	5691.82	2813.26	2168.43	1290.5	4.25	153.5494	90.87762317
2008-11-28	343.53	2964.17	1185.75	2532.21	4483.33	3496.04	896.2	226.39	2226.335	352.7373	1401.8	195.0007	1490.33	617.55	359.181	436.4384	156.1127	4609.3	813.75	4379.55	2572.63	2049.83	1468.75	4	153.6032	92.81659198
2008-12-31	356.15	3002.6	1211.65	2564.04	4543.09	3680.94	966.34	271.25	2367.575	374.6532	1454.1	204.6791	1591.62	665	387.8069	474.371	163.5224	3995.4	865.7	5097.46	2688.51	2193	1259.55	3	160.803	69.76939163
2009-01-30	325.83	2757.99	1180.25	2448.35	4012.16	3338.2	904.33	260.66	2055.406	362.4016	1441.27	208.1302	1598.84	704.86	369.2022	484.6105	164.5135	3638.2	922.16	4215.2	2434.9	1992.76	1379.6	2.5	161.5946	79.05092145
2009-02-27	294.13	2475.33	1116.99	2274.64	3467.33	3001.42	853.47	214.49	1979.296	354.3056	1435.83	204.0432	1567.39	682.99	356.3654	477.109	164.6186	3416.3	945.4	3337.41	2096.07	1741.34	1534.35	2	161.582	87.29998462
2009-03-31	318.52	2687.43	1237.01	2462.93	3776.5	3200.81	976.24	271.07	2331.502	362.4595	1455.79	215.9691	1560.91	704.77	366.7253	496.9147	165.4785	3570.2	919.15	3472.97	2242.95	1843.22	1383.1	2	162.2679	86.92341613
2009-04-30	356.41	2945.48	1394.33	2685.45	4163.19	3618.43	1138.84	329.14	2593.908	365.72	1462.75	211.9384	1615.1	790.08	371.1	524.8086	167.9864	3537.4	889.7	4550.27	2552.39	1986.27	1282.95	2	164.5651	94.77224591
2009-05-29	392.34	3107.53	1435.57	2806.22	4439.14	4082.27	1334.1	342.6	2851.479	378.7724	1473.36	216.3985	1678.15	843.24	391.6404	548.5611	167.5142	4233.1	975.45	4648.41	2931.58	2231.84	1255.25	2	163.9705	96.08962048
2009-06-30	390.3	3114.57	1477.25	2846.76	4395.73	4041.32	1316.39	339.18	2994.112	380.3394	1481.74	217.3874	1723.99	867.39	392.7664	558.5229	167.3989	4257.2	940.18	4474.92	2984.18	2241.64	1273.8	2	163.8805	104.5075323
2009-07-31	424.79	3349.33	1603.36	3048.92	4746.35	4421.47	1465.36	402.32	3300.665	388.7619	1505.64	217.5478	1798.42	920.18	403.0178	577.8462	167.8675	4276.1	938.69	4943.57	3277.18	2400.67	1228.43	2	164.1008	114.1817867
2009-08-31	440.16	3465.82	1625.19	3106.22	4987.26	4634.18	1460.5	407.05	3571.638	395.5908	1521.23	219.4574	1831.4	937.34	411.9523	594.7965	167.7425	4175	954.15	5605.49	3556.42	2469.3	1248.95	2	164.1119	121.0605954
2009-09-30	460.5	3600.26	1718.99	3248.52	5146.93	4826.45	1593.31	456.13	3987.52	404.0448	1537.21	224.0817	1863.91	990.72	423.5885	621.879	168.56	4182.2	1002.68	5963.97	3755.69	2589.69	1178.05	2	164.8793	120.397489
2009-10-30	453.48	3530.52	1667.13	3207.02	5013.83	4749.39	1595.43	427.5	3990.171	405.9431	1544.8	226.8312	1877.01	1008.5	425.5068	625.3067	169.0609	4427.8	1045.25	5695.33	3723.5	2534.35	1182.05	2	165.3313	113.8269568
2009-11-30	472.33	3740.56	1767.43	3396.66	5313.9	4868.2	1664.04	430.85	4114.217	416.2799	1564.8	233.1394	1903.86	1018.66	439.85	635.4615	171.0878	4495.3	1172.3	6088.91	3713.57	2658.51	1162.85	2	167.2388	123.5064413
2009-12-31	482.25	3817.62	1860.31	3506	5363	4946.7	1729.96	466.73	4185.204	400.6166	1540.34	228.0309	1889	1052.08	417.0228	636.729	170.6119	4534.2	1104.7	6524.25	3766.74	2747.47	1164	2	166.7562	136.6394101
2010-01-29	461.5	3683.7	1741.04	3335.45	5247.65	4715.32	1633.76	446.42	3892.341	402.2715	1563.87	231.7004	1919.82	1065.39	415.6837	641.6717	172.1248	4176.2	1082.1	6184.3	3606.88	2623.61	1161.65	2	168.1796	118.4937803
2010-02-26	467.55	3797.38	1818.68	3462.15	5373.39	4711.16	1639.85	444.04	4025.421	402.5709	1569.71	229.0196	1926.64	1067.25	415.1354	646.8312	173.8615	4408.4	1112.2	6514.45	3633.09	2606.94	1159.85	2	169.838	128.58752
2010-03-31	497.86	4024.79	1958.34	3665.72	5700.96	5017.44	1772.37	485.53	4361.508	399.5282	1567.78	229.3187	1932.4	1100.71	410.1301	666.2311	175.991	4493.7	1109.4	7177.91	3795.42	2712.31	1131.3	2	171.793	141.4036835
2010-04-30	498.96	4089.28	2000.63	3728.11	5786.69	4946.65	1794.24	512.96	4337.051	399.5925	1584.1	234.7517	1967.57	1126.51	407.3741	673.2582	177.1278	4618.4	1174.6	7676.2	3849.14	2695.59	1108.3	2	172.8637	141.5208316
2010-05-31	452.09	3759.57	1852.39	3418.73	5333.63	4407.19	1637.2	444.68	3612.909	393.3464	1597.43	234.7366	1956.73	1086.03	394.2476	656.1954	176.939	4009.2	1213.58	7250.53	3452.28	2399.2	1202.24	2	172.6702	142.6412976
2010-06-30	438.32	3559.65	1739.14	3223.52	5070.68	4344.67	1625.46	448.78	3534.749	399.3711	1622.48	238.0848	1998.43	1099.55	400.18	672.6947	177.3693	4026	1243.48	6886.77	3450.07	2388.92	1221.8	2	173.1247	129.4403468
2010-07-30	474.13	3808.44	1864	3458.15	5410.66	4746.88	1761.97	482.72	3965.549	412.9417	1639.8	238.43	2037.58	1138.65	420.5678	700.7026	178.4751	4252.6	1170.45	7542.56	3817.49	2616.19	1182.75	2.25	174.1463	139.0519374
2010-08-31	457.74	3639.27	1767.43	3292.69	5188.56	4605.78	1728.34	470.26	3844.4	418.6888	1660.89	242.5374	2077.99	1139.06	426.7058	714.8071	180.709	4017.7	1234.08	7437.87	3861.91	2588.23	1198.83	2.25	176.2909	128.1071001
2010-09-30	501.69	3970.14	1998.04	3649.53	5572.73	5048.83	1920.65	526.01	4371.686	428.5144	1662.66	243.9976	2092.52	1173.38	443.5921	727.4188	182.6789	4358.7	1313.65	7770.14	4240.16	2768.67	1140.2	2.25	178.1826	147.2666626
2010-10-29	519.93	4126.48	2124.45	3840.96	5719.48	5229.2	1976.58	534.04	4497.088	433.8954	1668.58	250.4673	2094.99	1203.68	451.8976	739.5794	182.7743	4470.2	1341.65	8135.44	4437.22	2898.67	1125.16	2.25	178.2295	161.6530071
2010-11-30	508.57	4131.08	2117.33	3870.6	5687.28	5009.17	1924.49	534.27	4341.481	417.3784	1658.99	246.2256	2077.99	1189.62	424.7281	722.1823	183.4206	4518.6	1372.6	7976.14	4177.58	2749.33	1159.25	2.5	178.8449	170.1904066
2010-12-31	545.97	4407.36	2217.86	4085.5	6133.65	5413.3	2062.04	593.45	4801.755	422.8288	1641.1	242.419	2058.93	1211.19	437.6448	718.474	183.2193	4943.4	1412.63	8348.46	4575.8	2906.05	1126	2.5	178.6799	175.9805522
2011-01-31	554.66	4513.03	2281.91	4165.91	6307.09	5530.81	2006.49	609.14	4692.206	423.5898	1643.01	242.8944	2063.03	1237.91	438.656	716.4699	182.2916	5094.3	1329.83	8619.44	4545.5	3007.78	1121.3	2.75	177.7314	184.4839047
2011-02-28	571.04	4664.34	2350.99	4273.63	6566.64	5737.2	1988.07	571.47	4908.59	426.0836	1647.12	244.9765	2079.38	1254.13	442.2882	719.9103	183.2973	5285.1	1411.1	9017.6	4656.75	3095.37	1128.9	2.75	178.7261	198.0886171
2011-03-31	570.71	4669.89	2338.99	4289.5	6558.26	5624.96	2105.27	638.31	5017.227	428.0903	1648.03	247.4629	2076.6	1258.19	445.5384	729.78	184.718	5515.1	1433.08	8877.86	4597.91	3056.53	1096.93	3	180.0688	184.735882
2011-04-29	594.38	4812.79	2404.08	4422.55	6756.25	5936.57	2171.04	680.32	5306.796	441.3591	1668.95	253.6837	2112.31	1277.69	464.8618	739.7716	185.3251	5758.4	1536.85	9384.13	4869.8	3218.09	1071.53	3	180.6726	186.0774629
2011-05-31	582.16	4760.62	2372.54	4393.5	6654.68	5768.68	2114.96	656.81	5040.612	441.0128	1690.73	254.4574	2142.82	1283.92	460.3203	749.3531	187.1161	5361.7	1538.1	9514.2	4841.32	3176.72	1079.15	3	182.3667	183.6436853
2011-06-30	573.22	4679.9	2325.07	4331.89	6521.98	5688.23	2083.31	644.14	4988.903	441.3473	1685.78	256.5091	2124.04	1271.42	461.7852	754.3791	187.2504	5077.2	1510.19	9199.69	4786.13	3152.41	1067.65	3.25	182.476	172.3083267
2011-07-29	564.07	4588.74	2362.81	4309.54	6299.17	5595.55	2075.48	655.63	4879.256	450.4575	1712.53	266.5504	2177.6	1286.16	472.7912	769.0973	187.9533	5200.9	1614.5	9341.46	4748.3	3069.68	1054.07	3.25	183.2156	173.3106526
2011-08-31	523.09	4334.93	2241.01	4071.16	5950.88	5123.29	1890.76	567.8	4665.053	456.1867	1737.55	268.7235	2179.02	1234.68	478.4049	766.8356	190.3136	5104.9	1832	8812.06	4489	2896.95	1066.77	3.25	185.4931	159.2470485
2011-09-30	473.9	4023.15	2139.18	3765.25	5543	4610.63	1615.42	494.39	3983.987	445.6455	1750.19	268.0884	2184.58	1194.32	458.3799	732.4264	190.2246	4483.7	1622.15	7846.53	3953.44	2738.59	1178.1	3.25	185.4561	176.3722671
2011-10-31	524.76	4465.15	2360.08	4211.05	6102.35	5059.51	1828.51	568.93	4661.796	451.5775	1752.07	273.0841	2223.63	1265.89	468.0361	767.3381	191.1976	4920.7	1718.25	8976.53	4291.43	2943.36	1110.21	3.25	186.3265	190.2216413
2011-11-30	509.35	4452.91	2295.2	4204.96	6077.2	4827.12	1707.72	532.79	4349.964	443.6969	1750.55	275.1914	2180.05	1238.6	454.9503	757.6714	192.7109	4990.4	1705.41	8637.58	4048.27	2883.81	1142.57	3.25	187.709	190.3908626
2011-12-30	508.5	4495.07	2277.83	4182.99	6224.83	4775.43	1687.3	523.64	4283.507	446.6889	1769.79	275.2919	2226.65	1271.5	456.7347	768.5563	193.2997	4885.3	1572.41	9040.81	3930.87	2894.69	1152.45	3.25	188.326	190.6203994
2012-01-31	538.21	4706.76	2467.95	4443.71	6424.92	5034.34	1879.01	578.9	4661.378	454.1653	1785.33	281.605	2275.95	1310.11	466.757	786.5604	194.1347	4994.3	1738.08	9628.43	4269.65	2974.83	1123.26	3.25	189.043	211.8114153
2012-02-29	565.56	4914.14	2623.1	4657.9	6681.07	5312.69	1991.91	607.71	4803.932	453.8564	1784.92	280.6798	2295.11	1341.22	466.1025	808.0407	194.5827	5297.1	1783.83	9525.49	4529.62	3089.56	1118.96	3.25	189.4725	236.550937
2012-03-30	569.59	5071.5	2755.27	4817.05	6880.37	5276.72	1925.64	604.57	4669.334	450.5883	1775.14	277.6644	2272.94	1339.35	462.0369	810.8703	194.6804	5172.6	1663.65	10016.55	4554.21	3092.98	1133.1	3.25	189.5501	266.4743695
2012-04-30	563.44	5040.93	2723.68	4804.38	6814.91	5192.9	1903.16	605.43	4759.95	455.9054	1794.82	283.2844	2304.67	1353.37	467.7716	821.9295	196.1233	5146.1	1663.73	10304.96	4628.2	3097.11	1130.13	3.25	190.9094	258.7567205
2012-05-31	513.43	4731.22	2524.87	4495.52	6416.22	4607.11	1690.72	536.69	4144.731	451.2251	1811.06	288.0223	2322.07	1335.7	456.8774	799.9378	197.5348	4478.2	1566.2	9836.78	4285.49	2861.29	1180.33	3.25	192.235	242.0718402
2012-06-29	539.04	4918.3	2615.72	4635.29	6724.07	4911.02	1756.77	552.43	4434.882	453.3819	1811.77	286.4181	2330.3	1363.9	460.2738	821.9711	198.1441	4532	1577.43	10388.47	4591.33	3020.49	1145.4	3.25	192.8871	244.4569932
2012-07-31	546.6	4984.98	2642.53	4702.38	6809.19	4972.99	1792.3	572.43	4765.156	458.6267	1836.76	291.8463	2397.35	1389.85	464.7094	853.4074	202.1094	4820.9	1624.8	10591.56	4817.66	3069.86	1130.55	3	196.6559	242.8501403
2012-08-31	558.76	5101.98	2772.24	4859.14	6902.85	5115.65	1787.12	567.51	4775.354	462.5869	1837.96	291.0079	2402.68	1406.12	471.2269	863.858	203.4792	5127.7	1659.33	10593.75	4852.41	3076.71	1134.63	3	198.0171	268.3236065
2012-09-28	576.59	5232.08	2799.19	4963	7107.46	5273.01	1895.32	606.97	4901.245	468.2265	1840.49	292.4918	2419.55	1425.69	480.3873	877.5916	203.8298	5054.808	1777.88	10404.92	5012.93	3159.93	1111.38	3	198.4519	262.2312407
2012-10-31	572.9	5137.66	2647.92	4811.81	7067.35	5310.64	1884.01	589.4	5030.961	467.5689	1844.11	295.0244	2450.71	1438.21	478.3759	888.3602	204.7123	4849.3	1720.68	10317.61	5162.89	3209.4	1090.7	2.75	199.2263	224.4203153
2012-11-30	580.5	5171.12	2677.88	4906.96	7021.99	5423.09	1908.07	604.99	5088.311	467.5198	1847.02	296.4305	2446.81	1449.72	477.7048	897.541	204.7378	4920.9	1729.08	10288.19	5252.32	3166.57	1082.85	2.75	199.2819	226.047334
2012-12-31	593.93	5220.28	2660.93	4906.52	7157.87	5588.16	2001.6	636.1	5238.898	465.98	1844.39	294.5049	2445.25	1472.56	475.4147	906.4765	204.5891	4889	1664.52	10673.56	5414.12	3238.73	1064.4	2.75	199.1036	215.3395551
2013-01-31	621.46	5496.52	2731.53	5117.88	7607.52	5864.24	2029.5	612.54	5527.471	461.7416	1831.49	292.5169	2423.5	1492.3	470.2843	900.505	205.7872	5102	1674.62	11072.97	5521.59	3337.65	1088.59	2.75	200.2129	236.6309596
2013-02-28	621.65	5567.15	2738.58	5167.99	7728.25	5807.39	2004.3	643.18	5744.788	457.3666	1840.67	292.6119	2442.16	1499.88	461.025	898.2985	207.1993	4878.3	1588.72	11212.72	5596.36	3330.88	1082.9	2.75	201.6329	235.1908112
2013-03-29	633.31	5776.56	2818.69	5357.28	8026.46	5856.71	1970.21	615.66	5715.347	456.2051	1842.14	293.4382	2442.63	1515.15	458.7418	893.2157	208.42	4915.9	1599	11547.89	5727.22	3409.82	1111.35	2.75	202.7706	261.4831182
2013-04-30	651.83	5890.81	2887.44	5428.33	8236.6	6130.29	1985.83	600.91	5982.278	462.5508	1860.78	295.7719	2487.23	1542.56	466.3279	911.1508	209.2543	4683.3	1473.38	12319.43	6138.23	3566.53	1101.28	2.75	203.6108	269.1552154
2013-05-31	651.13	6014.94	2981.76	5535.22	8421.23	5999.38	1935.82	603.73	5258.606	448.7991	1827.58	282.8775	2428.94	1533.62	448.4161	886.9712	207.6598	4613.6	1412.13	11589.49	5589.58	3384.74	1129.64	2.5	202.0078	300.826176
2013-06-28	631.84	5934.74	2909.6	5428.04	8359.54	5776.4	1813.5	554.37	4921.693	443.4867	1799.31	272.7382	2361.89	1493.4	444.6154	847.3388	206.3053	4624.4	1203.69	11366.66	5389.37	3313.39	1142.06	2.5	200.6507	292.490008
2013-07-31	662.29	6247	3090.19	5750.51	8743.29	6084.45	1833.43	574.85	5060.79	449.0582	1801.77	274.7281	2381.57	1521.71	453.668	856.7735	206.6081	4851.6	1332.18	11475	5457.47	3453.18	1123.28	2.5	200.8536	318.3170508
2013-08-30	648.77	6074.66	3073.81	5646.35	8419.23	6006.96	1802.66	596.65	5140.147	446.7028	1792.56	270.7341	2364.84	1512.46	451.3764	840.0179	207.2588	5015.4	1396.12	10675.66	5275	3349.53	1110.04	2.5	201.4795	307.2166761
2013-09-30	682.53	6275.87	3218.2	5893.72	8606.03	6433.15	1920.46	637.05	5511.716	455.886	1809.53	274.6518	2381.27	1527.48	464.0943	859.0086	208.398	4845.3	1335.94	11015.55	5724.07	3562.7	1074.64	2.5	202.5992	315.3031299
2013-10-31	710.11	6554.5	3377.73	6140.26	9011.2	6649.45	2014.05	665.5	5818.516	460.3658	1824.16	276.1648	2416.48	1565.75	469.0559	877.3848	208.9394	4775.4	1336.01	11509.27	5877.15	3700.12	1060.73	2.5	203.0927	337.7281309
2013-11-29	720.47	6741.45	3487.82	6327.64	9250.09	6691.52	1984.76	673.8	5562.534	456.5973	1817.33	273.1661	2411.69	1573.7	463.728	866.4487	207.8781	4738.1	1245.35	10911.75	5745.41	3672.03	1058.2	2.5	202.0507	357.8113005
2013-12-31	733.15	6922.5	3592	6515.99	9471.29	6793.68	1956.22	662.71	5466.261	453.871	1807.06	269.157	2407.75	1582.19	460.7675	869.0921	209.2084	4829.5	1202.69	10936.91	5697.44	3724.22	1049.8	2.5	203.3527	373.0227111
2014-01-31	703.99	6687.48	3521.92	6306.55	9132.32	6520.38	1829.63	626.51	5169.844	458.6699	1833.76	274.4756	2451.39	1593.29	464.4345	866.6717	209.7616	4750.4	1245.54	11390.1	5526.33	3694.07	1080.97	2.5	203.8933	379.8694764
2014-02-28	738.35	7001.93	3696.1	6645.54	9498.87	6878.02	1890.62	648.35	5571.06	465.0965	1843.51	275.7049	2476.88	1625.52	473.6494	886.6629	211.0871	4964.596	1330.33	11961.1	5771.2	3870.21	1067.6	2.5	205.1511	407.2901257
2014-03-31	742.02	7050.02	3595.74	6558.8	9759.02	6852.11	1949.08	649.68	5792.216	464.7806	1840.37	274.3959	2478.53	1629.36	473.6193	893.6016	211.5715	4971.535	1294.2	12028.49	5770.31	3985.59	1064.7	2.5	205.6184	382.6733327
2014-04-30	749.48	7092.38	3582.02	6558.42	9876.18	6965.82	1956.34	660.59	5900.518	470.0404	1855.9	278.1037	2508.22	1639.68	479.9816	903.3868	212.1727	5008.405	1291.46	12426.85	5962.38	4058.24	1033.22	2.5	206.1991	356.895858
2014-05-30	766.07	7261.65	3736.82	6777.7	10019.34	7082.1	2025.07	685.49	5965.463	472.8242	1877.03	283.9953	2542.51	1654.77	480.8366	927.3005	213.9115	4999.618	1253.35	12726.38	6159.07	4162.77	1020.2	2.5	207.913	378.0661486
2014-06-30	780.82	7417.22	3849.48	6924.33	10231.83	7185.31	2079.79	691.18	5957.184	476.265	1878	284.8451	2544.49	1668.59	486.5173	933.7211	215.6068	5105.464	1313.25	12867.93	6284.27	4321.17	1011.84	2.5	209.5488	394.1584947
2014-07-31	771.59	7312.88	3892.5	6847.63	10056.69	7057.96	2121.71	703.72	6127.652	471.9721	1873.29	284.9274	2543.07	1646.34	479.97	932.6387	217.2227	4835.017	1295.21	12872.41	6282.97	4232.06	1027.78	2.5	210.9751	415.1911154
2014-08-29	788.95	7606.39	4082.56	7156.55	10408.95	7064.4	2170.37	698.29	6191.792	474.5599	1893.97	286.1738	2579.75	1672.43	480.7998	940.3998	217.6248	4755.745	1285.08	13252.27	6364.01	4326.49	1013.88	2.25	211.6965	443.6278227
2014-09-30	763.67	7487.56	4049.45	7040.09	10253.36	6776.82	2009.95	641	5485.501	461.3169	1881.11	279.0252	2542.53	1637.42	460.3442	926.4525	219.6967	4469.267	1207.26	12463.23	5944.47	4157.7	1055.21	2.25	213.8707	471.9180821
2014-10-31	769.22	7668.26	4158.21	7239.67	10455.99	6669.71	2033.88	620.78	5775.168	461.3809	1899.6	281.4047	2568.56	1656.89	457.1995	937.5882	221.7613	4201.838	1174.45	13702.4	6141.48	4227.65	1068.82	2	215.8064	509.3672632
2014-11-28	782.42	7871.62	4337.79	7493.36	10640.74	6752.69	2012.49	604.98	5412.093	459.6965	1913.08	282.1422	2585.87	1644.82	452.0142	933.9942	222.6423	3742.98	1182.59	13971.63	6162.81	4232.29	1108.06	2	216.6828	591.9888855
2014-12-31	767.65	7847.6	4236.28	7452.23	10635.04	6530.23	1920.69	591.81	5289.228	456.5313	1914.87	278.9525	2587.44	1621.01	446.5643	910.4862	223.1478	3232.798	1198.86	14233.18	6044.02	4207.78	1090.98	2	216.8644	545.9238811
2015-01-30	755.82	7626.07	4148.43	7329.25	10207	6508.01	1932.36	606.18	5195.288	455.8092	1955.02	287.7336	2665.94	1631.71	438.3575	915.2505	226.2686	2990.452	1265.3	15187.84	6238.66	4211.95	1093.68	2	219.9456	525.4790582
2015-02-27	798.24	8072.21	4440.67	7819.37	10714.4	6897.7	1992.43	609.83	5594.105	452.1183	1936.64	284.2669	2638.92	1671.04	434.9431	926.0555	225.8382	3183.792	1206.35	14659	6414.78	4210.06	1098	2	219.5006	603.5553592
2015-03-31	786.35	7955.68	4333.69	7754.22	10489.83	6788.6	1964.49	617.62	5454.873	447.7604	1945.63	282.9236	2647.34	1661.89	425.8793	931.425	225.8382	2967.121	1185.38	14909.54	6278.31	4174.06	1109.69	1.75	221.9845	586.4878122
2015-04-30	809.55	8028.43	4414.25	7750.17	10695.07	7087.92	2116.09	658.64	5518.3	452.5223	1938.65	285.0055	2628.8	1681.95	435.113	948.4021	225.8382	3295.219	1203.11	14090.57	6452.43	4358.07	1072.29	1.75	220.3328	567.5426828
2015-05-29	809.12	8135.42	4508.25	7883.32	10793.98	7034.04	2031.75	621.07	5366.287	444.4316	1933.98	282.6659	2611.64	1687.05	421.9635	949.0098	225.8382	3229.743	1188.59	14073.15	6303.32	4292.22	1108.19	1.75	221.5756	630.0746487
2015-06-30	790.43	7981.34	4396.76	7786.77	10517.58	6836.3	1980.54	594.73	5120.36	442.485	1912.89	279.9142	2563.65	1661.94	422.3258	935.5775	225.8382	3226.117	1173.34	13425.69	6126.43	4098.44	1115.49	1.5	220.9995	606.4542077
2015-07-31	797.58	8140.84	4588.91	8035.18	10600.87	6945.38	1844.46	546.96	5109.508	443.4764	1926.19	280.4899	2580.95	1652.26	421.7358	936.7893	225.8382	2771.167	1081.27	14182.81	6207.93	4143.86	1170.31	1.5	221.7853	721.159001
2015-08-31	743.23	7646.98	4274.58	7526.19	9987	6440.36	1678.28	515.48	4527.621	443.9924	1923.42	278.3515	2565.67	1623.48	423.2314	924.8861	225.8382	2779.468	1132.22	13305.01	5810.19	3915.75	1182.9	1.5	223.1387	636.2043659
2015-09-30	716.64	7444.47	4181.06	7285.24	9779.31	6117.72	1628.39	524.53	4337.436	446.2552	1936.43	276.7073	2584.8	1581.23	425.0355	913.2438	225.8382	2603.622	1123.43	13694.41	5799.71	3809.63	1185.39	1.5	225.4284	610.4632967
2015-10-30	773.07	8058.74	4648.83	7909.32	10554.9	6578.75	1744.66	583.7	4590.653	447.1977	1936.76	277.4069	2595.6	1624.7	426.4005	937.7966	225.8382	2609.596	1148.43	14497.97	6173.45	3993.33	1140.54	1.5	225.4434	695.1940523
2015-11-30	767.03	8086.85	4664.51	7935.47	10593.72	6475.02	1676.72	563.22	4628.806	439.7938	1931.64	277.1367	2589.92	1588.59	414.5537	935.296	225.8382	2375.621	1056.42	14422.46	5929.5	3824.28	1157.9	1.5	224.3023	720.5275252
2015-12-31	753.52	7950.97	4593.27	7792.78	10428.32	6360.37	1640.3	554.55	4772.239	442.1315	1925.4	274.9417	2569.73	1548.58	419.687	922.1997	225.8382	2170.615	1062.52	14688.11	5860.23	3725.66	1175.06	1.5	226.2457	718.9368327
2016-01-29	708.25	7528.37	4279.17	7300.16	9979.54	5923.43	1533.98	523.53	4365.285	445.963	1951.89	279.0242	2578.84	1523.69	421.7771	921.9492	225.8382	2058.378	1112.83	14195.64	5616.63	3697.27	1199.13	1.5	227.6623	647.4793862
2016-02-29	703.78	7512.5	4201.12	7275.19	9971.29	5842.78	1531.63	511.35	4325.919	455.8935	1965.74	282.1279	2599.67	1532.4	436.4939	935.2223	225.8382	2016.989	1234.2	14136.12	5723.73	3732.69	1236.65	1.5	229.7213	663.0894315
2016-03-31	756.42	8027.01	4483.66	7779.73	10645.6	6244.53	1734.69	583.44	4874.335	468.2131	1983.77	287.1973	2671.78	1600.51	454.3556	963.9097	225.8382	2116.436	1233.91	15569.73	6205.23	4048.74	1143.42	1.5	229.9833	645.0129457
2016-04-29	768.03	8066.67	4341.3	7763.11	10772.23	6452.01	1744.47	580.85	5013.699	474.4409	1991.39	288.1918	2708.36	1663.17	463.6035	980.8723	225.8382	2331.045	1278.42	15198.3	6377.77	4142.38	1139.4	1.5	230.4076	599.1496272
2016-05-31	769.65	8214.23	4523.89	7916.17	10954.43	6386.67	1679.74	553.6	4893.695	468.0762	1991.9	286.1535	2706.27	1673.44	452.5523	980.7968	225.8382	2382.751	1211.02	15567.27	6254.64	4123.41	1191.93	1.5	230.5536	706.5924139
2016-06-30	765.39	8235.48	4417.7	7864.03	11082.5	6195.44	1748.52	576.38	4900.073	481.7451	2027.69	292.1017	2767.19	1688.84	469.8098	1008.878	225.8382	2384.661	1317.35	16653.14	6240.45	4250.7	1151.8	1.25	234.0731	626.3773461
2016-07-29	798.61	8548.02	4730.23	8228.47	11412.12	6501	1837.52	611.58	5300.082	485.3764	2040.51	294.6339	2807.62	1734.5	473.6824	1024.181	225.8382	2156.498	1335.47	17344.55	6506.2	4369.09	1120.24	1.25	235.2294	677.7511292
2016-08-31	801.68	8560.96	4771.06	8203.56	11481.01	6508	1883.8	631.01	5162.588	483.0188	2038.18	293.3123	2813.12	1770.79	469.8594	1038.4334	225.8382	2194.648	1314.36	16708.32	6365.31	4289.09	1114.8	1.25	234.6056	682.1994024
2016-09-30	806.95	8570.21	4875.7	8232.06	11466.02	6590.37	1908.58	639.63	5289.454	485.6783	2036.98	294.9179	2806.15	1782.59	474.6322	1040.4327	225.8382	2285.608	1326.14	16414.23	6346	4366.07	1101.13	1.25	235.4189	694.4654099
2016-10-31	793.44	8407.8	4801.27	8039.17	11300.3	6463.02	1913.3	616.28	5177.068	472.1983	2021.4	293.7379	2783.32	1789.47	453.9832	1033.729	225.8382	2251.388	1274.13	15485.88	5958.2	4243.91	1143.78	1.25	232.9733	725.6489936
2016-11-30	799.86	8711.44	4810.81	8226.1	11852.98	6360.41	1825.34	600.3	5195.729	453.4371	1973.59	288.101	2708.65	1780.98	430.0609	1001.9254	225.8382	2308.46	1187.95	15224.86	5764.39	4071.89	1168.96	1.25	229.1836	759.9496685
2016-12-30	817.46	8873.98	4863.62	8298.31	12187.43	6569.66	1830.64	605.84	5329.168	451.3539	1976.37	287.8181	2726.78	1813.85	425.9264	1013.3249	225.8382	2417.311	1159.54	15939.34	5903.52	4188.95	1205.83	1.25	229.9755	824.474707
2017-01-31	839.98	9057.8	5116.77	8608.58	12247.03	6765.85	1930.91	652.59	5556.53	456.4424	1980.25	290.2378	2735.18	1840.19	433.9262	1026.003	225.8382	2383.157	1198.49	15957.64	5997.33	4246.09	1161.31	1.25	230.1276	845.5301693
2017-02-28	863.92	9413.93	5330.31	8967.99	12699.38	6845.08	1990.16	672.77	5766.114	458.5996	1993.56	291.6048	2766.55	1866.97	435.1808	1043.2559	225.8382	2388.695	1251.98	16501.66	6092.75	4372.53	1130.28	1.25	230.5176	868.3846205
2017-03-31	875.07	9427.22	5436.23	9056.43	12610.89	7026.52	2040.9	708.21	5915.952	459.3044	1992.51	291.4488	2760.12	1862.81	436.4953	1046.5866	225.8382	2295.187	1242.76	16124.59	6107.17	4521.77	1118.45	1.25	230.3523	883.6198948
2017-04-28	889.11	9529.12	5583.53	9261.34	12596.73	7180.96	2086.01	715.31	5874.544	464.4815	2007.89	293.1729	2789.61	1884.32	442.7105	1059.6214	225.8382	2246.846	1266.69	16144.3	6234.18	4598.34	1137.65	1.25	230.7742	961.9866994
2017-05-31	909.53	9659.08	5788.8	9495.43	12616.77	7429.64	2148.11	773.11	5643.742	471.6692	2023.34	293.0471	2821.69	1900.7	452.3936	1067.187	225.8382	2212.328	1264.5	16019.74	6409.05	4794.49	1119.65	1.25	230.8891	1000.288511
2017-06-30	914.04	9719.6	5646.92	9440.56	12855.2	7439.07	2171.19	780.9	5808.641	471.2553	2021.31	290.2686	2830.31	1903.27	451.9781	1065.1086	225.8382	2169.813	1243.42	16370.28	6290.39	4790.96	1144.14	1.25	231.4794	993.1193607
2017-07-31	939.92	9917.62	5880.33	9686.95	13042.14	7661.2	2302.36	805.75	6066.937	479.1785	2030.01	291.5618	2851.01	1924.35	464.1008	1074.1751	225.8382	2269.294	1267.69	16570.06	6490.63	4950.63	1119.32	1.25	231.912	1029.506389
2017-08-31	943.98	9950.13	5988.6	9830.09	12928.29	7660.76	2354.58	785.72	6055.438	483.9256	2048.21	294.664	2873.15	1923.6	469.0634	1088.6936	225.8382	2251.665	1307.08	16527.88	6453.11	5030.72	1127.55	1.25	231.8309	1081.961041
2017-09-29	962.57	10153.05	5979.3	9945.39	13311.37	7862.67	2345.75	802.09	5992.859	479.5665	2038.46	292.776	2868.16	1940.87	463.167	1089.332	225.8382	2326.456	1289.3	16523.59	6398.68	4940.01	1145.44	1.25	231.5492	1112.020966
2017-10-31	982.78	10385.54	6248.56	10273.29	13475.46	7971.11	2428.13	869.5	6078.007	477.752	2039.64	293.4023	2879.74	1949.07	459.6971	1093.5031	225.8382	2415.282	1273	16364.44	6389.6	4988.23	1120.34	1.25	229.3262	1160.269129
2017-11-30	1002.25	10701.68	6365.56	10587.04	13884.31	8053.08	2433.14	869.54	6109.622	483.0576	2037.02	293.783	2875.55	1944.09	469.4531	1091.8585	225.8382	2448.663	1281.49	16808.07	6594.92	5076.43	1087.97	1.5	230.9216	1134.463209
2017-12-29	1018.75	10817.69	6396.42	10682.56	14060.64	8199.75	2521.74	895.44	6403.236	484.7313	2046.37	296.4726	2901.78	1949.97	470.712	1096.0681	225.8382	2556.708	1297.2	16772.33	6821.88	5032.07	1067.4	1.5	231.1394	1101.455485
2018-01-31	1076.44	11438.55	6949.99	11499.65	14594.1	8582.59	2732.11	928.52	6592.425	490.5078	2022.8	293.9305	2874.04	1961.66	484.9956	1094.1858	225.8382	2644.127	1343.17	16071.59	7063.18	5091.03	1067.75	1.5	229.3216	1291.892612
2018-02-28	1031.64	11018.81	6854.42	11223.9	13862.14	8176.35	2606.49	869.68	6365.024	486.1554	2003.63	291.0739	2827.38	1944.99	480.8879	1079.2784	225.8382	2555.823	1319.92	14832.24	6646.71	4749.54	1083	1.5	229.8728	1291.766809
2018-03-30	1010.18	10749.94	6581.13	10912.77	13574.25	8042.67	2558.7	892.08	6010.971	491.33	2016.48	294.1315	2834.54	1933.24	487.7675	1079.8943	225.8382	2612.603	1327.23	15397.41	6723.18	4754.59	1063.63	1.5	231.3168	1143.332521
2018-04-30	1020.4	10793.11	6605.57	10975.28	13603.46	8235.79	2547.86	916.6	6157.983	483.4603	2001.48	293.9627	2808.25	1945.82	476.7083	1068.8702	225.8382	2744.202	1316.64	15617.73	6888.69	4873.03	1068.05	1.5	231.1543	1160.39105
2018-05-31	1022.55	11056.29	6967.73	11439.18	13669.3	8090.16	2458.18	868.58	6246.546	479.7931	2015.76	295.2159	2823.29	1945.28	467.7929	1061.072	225.8382	2783.918	1304.11	16234.32	6770.48	4784.48	1077.24	1.5	231.8818	1307.709697
2018-06-29	1017.42	11131.38	7040.8	11530.2	13745.73	8004.19	2357.69	811.01	6327.37	477.6598	2013.28	296.4002	2806.89	1953.09	464.526	1054.0208	225.8382	2821.646	1250.52	16942.76	6701.12	4878.12	1114.67	1.5	233.6789	1425.927281
2018-07-31	1048.43	11530.98	7231.98	11868.05	14334.25	8201.72	2411.56	798.54	6467.956	476.8624	2013.76	294.9741	2830.22	1974.4	462.837	1071.4297	225.8382	2722.02	1218.65	17078.51	6774.1	4966.13	1118.73	1.5	234.1947	1512.783485
2018-08-31	1057.14	11912.82	7654.55	12484.47	14529.72	8047.97	2347.06	813.47	6354.113	477.3626	2026.72	297.0987	2844.2	1988.97	461.392	1057.0093	225.8382	2751.35	1206.75	17597.75	6712.09	4846.07	1113.07	1.5	237.4978	1672.083104
2018-09-28	1062.17	11967.29	7627.65	12544.6	14592.24	8114.54	2335.38	817.01	6269.898	473.2476	2013.67	293.97	2834.06	2000.04	456.4481	1071.0266	225.8382	2859.443	1182.87	17151.07	6598.87	4799.75	1109.3	1.5	237.1473	1647.761194
2018-10-31	982.81	11136.46	6967.1	11374.17	13954.68	7470.71	2132.2	699.86	5794.799	467.9611	1997.76	289.7565	2792.67	1968.07	450.1123	1056.3934	225.8382	2692.356	1217.79	16642.31	6303.6	4610.64	1139.82	1.5	238.8571	1443.698439
2018-11-30	997.65	11353.43	6949.01	11478.03	14374.17	7465.35	2220.23	723.37	5831.097	469.4245	2009.68	291.1407	2788.02	1951.14	450.6235	1054.705	225.8382	2388.633	1222.13	17430.77	6399.61	4698.72	1120.75	1.75	240.7566	1386.831969
2018-12-31	927.78	10330.72	6329.96	10466.29	13051.48	7081.51	2162.75	712.19	5645.901	478.9153	2046.6	292.7317	2829.02	1909.36	460.609	1069.1127	225.8382	2203.469	1282.56	15997	6266.6	4553.99	1110.95	1.75	242.0097	1116.470559
2019-01-31	1001.33	11180.3	6906.84	11436.78	13990.6	7588.23	2352.28	785.66	6052.779	486.2068	2068.34	296.6699	2895.56	1995.67	469.1953	1103.185	225.8382	2401.535	1322.54	17876.29	6872.73	4952.63	1112.72	1.75	241.9512	1322.902905
2019-02-28	1028.56	11554.59	7097.53	11841.09	14432.77	7784.38	2357.78	771	6256.705	483.4082	2067.14	296.6312	2901.84	2028.86	464.2985	1112.019	225.8382	2493.114	1324.65	18006.51	6779.08	5069.22	1124.44	1.75	242.3551	1423.572767
2019-03-29	1042.14	11768.22	7378.77	12181.72	14549.31	7832.38	2378.03	747.61	6291.348	489.4602	2106.83	302.0836	2974.53	2047.94	467.6043	1127.205	225.8382	2533.233	1291.48	18609.71	6975.14	5194.09	1135.18	1.75	244.8939	1563.531862
2019-04-30	1077.88	12240.11	7781.46	12763.35	15017.52	8061.69	2428.54	750.64	6367.055	488.0109	2107.37	303.0878	2990.68	2077.06	464.751	1131.685	225.8382	2605.409	1285.01	18565.92	6864.16	5257.91	1168.15	1.75	245.2156	1828.596403
2019-05-31	1014.84	11466.23	7127.96	11980.14	14039.37	7691.23	2253.09	680.83	6413.344	494.6193	2144.78	308.0956	3033.54	2052.37	469.5955	1138.648	225.8382	2391.415	1297.44	18606.97	6827	5188.21	1190.91	1.75	247.672	1585.178003
2019-06-28	1081.76	12271.57	7671.08	12842.69	15000.15	8151.25	2395.54	741.14	6754.58	505.5858	2171.71	310.7373	3107.73	2099.15	483.5897	1169.483	225.8382	2497.365	1414.1	18841.28	6983.66	5471.64	1154.8	1.75	248.9976	1722.075384
2019-07-31	1085.31	12461.15	7848.78	13106.33	15153.77	8054.14	2368.23	695.34	6796.869	504.1809	2176.49	311.8416	3125.11	2110.98	480.1313	1181.125	225.8382	2492.076	1431.44	19082.57	6916.6	5363.81	1183.01	1.5	252.5726	1886.386268
2019-08-30	1060.05	12244.45	7691	12987.59	14760.21	7857.56	2253.44	660.39	6504.168	514.4333	2232.89	319.263	3223.39	2119.43	487.7461	1184.067	225.8382	2351.951	1525.73	19730.9	7000.79	5384.75	1211.35	1.5	253.9448	1897.556781
2019-09-30	1082.85	12462.25	7749.45	13003.39	15279.42	8082.25	2297.2	708.15	6662.556	509.2007	2221	314.9171	3202.42	2127.15	480.8018	1184.503	225.8382	2393.09	1487.58	20309.99	7167.26	5501.77	1196.38	1.5	252.1421	1877.530356
2019-10-31	1112.76	12733.56	8083.83	13381.23	15498.89	8344.76	2394.31	740.59	6778.92	512.5915	2227.69	315.7224	3221.86	2133.02	485.411	1190.827	225.8382	2422.876	1505.16	20587.28	7435.41	5585.78	1163.72	1.25	249.171	1931.029722
2019-11-29	1140.4	13212.26	8403.69	13984.08	15962.88	8450.49	2391.17	729.52	6847.393	508.7047	2226.55	316.2039	3229.97	2139.99	478.8303	1191.17	225.8382	2422.573	1456.45	20277.29	7396.72	5542.74	1181.46	1.25	251.0044	2143.51257
2019-12-31	1181.04	13599.62	8733.07	14412.97	16409.13	8721.85	2571.14	805.51	6952.817	511.6712	2225	317.4027	3240.3	2182.77	484.0425	1209.285	225.8382	2591.861	1522.8	20156.03	7531.05	5783.22	1155.84	1.25	250.4154	2213.053944
2020-01-31	1168.29	13626.25	8991.51	14825.61	15999.61	8554.32	2451.39	762.76	6959.086	518.2026	2267.82	324.0671	3316.29	2183.35	487.7084	1227.939	225.8382	2311.294	1579.34	20399.42	7560.56	5876.96	1191.74	1.25	252.098	2483.699022
2020-02-28	1074.38	12515.1	8461.83	13830.46	14448.93	7796.36	2322.26	706.57	6195.187	521.688	2308.64	328.5524	3360.66	2152.56	486.7204	1225.523	225.8382	2117.394	1630.17	18766.16	6904.18	5316.45	1214.73	1.25	255.4313	2279.351374
2020-03-31	929.98	10927.73	7813.5	12449.31	12185.8	6703.05	1965.16	625.09	4642.609	509.9988	2295.05	322.7761	3122.54	1905.89	471.0621	1094.642	225.8382	1494.343	1601.01	14652.58	5228.79	4095.81	1218.54	0.75	252.4518	1941.276392
2020-04-30	1030.08	12365.16	9000.51	14355.55	13479.79	7176.05	2145.5	676.16	5352.45	520.0118	2335.85	331.7543	3286.26	1991.76	480.6893	1123.052	225.8382	1349.817	1715.71	15869.14	5539.24	4481.68	1204.44	0.75	253.3322	2477.7589
2020-05-29	1075.5	13008.36	9555.52	15378.37	13863.23	7485.75	2162.44	691.28	5596.849	522.2931	2346.72	332.7511	3337.67	2079.5	482.1212	1174.844	225.8382	1570.824	1727.65	15899.43	5630.97	4722.76	1237.57	0.5	255.7825	2926.083378
2020-06-30	1110.33	13305.19	10156.85	16163.66	13764.4	7745.16	2322.51	747.73	5986.967	526.9333	2361.51	336.4655	3403.1	2099.86	487.0055	1204.122	225.8382	1650.79	1769.93	16385.19	5687.58	4664.01	1202.74	0.5	255.3182	3116.728259
2020-07-31	1169.5	14095.01	10905.88	17433.04	14284.8	7953.46	2532.13	801.82	6255.331	543.739	2396.78	344.1966	3513.73	2198.3	508.647	1241.698	225.8382	1713.464	1974.15	17048.42	5832.5	4804.28	1191.03	0.5	257.0261	3508.610261
2020-08-31	1241.52	15153.28	12110.7	19269.51	14850.73	8365.18	2588.73	818.37	6606.241	542.91	2377.43	347.9568	3465.28	2219.2	510.1009	1248.426	225.8382	1792.028	1966.47	17181.69	6077.82	4884.1	1187.76	0.5	254.7427	4259.458888
2020-09-30	1201.95	14587.97	11418.06	18317.42	14521.52	8133.56	2547.81	844.04	6157.076	540.9572	2376.13	346.6737	3455.36	2196.37	507.15	1232.647	225.8382	1726.81	1885.21	16620.72	5909.31	4737.8	1170.17	0.5	256.5697	3649.796032
2020-10-30	1173.03	14208.39	11052.95	17788.74	14194.25	7815.14	2600.7	849.45	6158.363	541.4746	2365.52	344.4347	3449.14	2207.52	509.4855	1231.117	225.8382	1665.082	1876.35	16186.35	5669.43	4686.51	1134.76	0.5	255.4638	3199.554078
2020-11-30	1318.05	15852.25	12268.32	19633.58	16043.24	9015.51	2841.39	1001.34	7137.29	551.3198	2388.73	348.2969	3545.23	2294.85	521.6237	1268.911	225.8382	1865.567	1767.62	17953.35	6484.92	5291.54	1106.45	0.5	254.5505	3723.276035
2020-12-31	1379.73	16506	12888.28	20618.78	16564.61	9427.51	3051.62	1169.67	7569.63	558.7254	2392.02	352.2926	3560.67	2338.05	532.9622	1288.137	225.8382	1976.955	1893.11	18543.41	6854.47	5449.84	1086.51	0.5	254.0227	3955.433133
2021-01-29	1373.79	16352.89	12925.38	20479.49	16369.11	9328.26	3145.97	1185.44	7572.812	553.8047	2374.87	353.4576	3514.98	2345.78	527.4982	1277.197	225.8382	2074.698	1857.72	18562.59	6764.81	5335.11	1118.6	0.5	253.9081	4209.382033
2021-02-26	1406.02	16779.96	12909.44	20609.05	17121.96	9567.56	3170.21	1188.02	7774.601	544.272	2340.58	347.7637	3454.43	2354.4	517.2695	1259.04	225.8382	2294.251	1764.56	19306.6	6854.9	5376.23	1123.53	0.5	252.0792	4232.828841
2021-03-31	1444.32	17411.23	13091.44	20738.18	18287.89	9820.6	3123.11	1191.13	7830.378	533.802	2311.35	347.1061	3395.15	2357.92	504.765	1243.297	225.8382	2244.832	1687.19	20188.68	6953.52	5613.08	1131.83	0.5	251.0075	4411.773676
2021-04-30	1508.07	18358.84	13860.76	22267.42	18959.16	10137.52	3201.29	1226.37	8216.68	540.5455	2329.61	351.9637	3432.76	2383.53	512.9311	1259.798	225.8382	2429.595	1770.03	21815.16	7268.11	5811.99	1112.31	0.5	250.3967	4765.547317
2021-05-31	1532.35	18447.11	13686.51	21876.68	19453.21	10499	3276.27	1231.62	8483.605	545.6221	2337.22	356.2265	3459.13	2390.58	519.8967	1271.371	225.8382	2490.862	1904.69	22038.47	7508.88	5844.47	1110.99	0.5	249.9957	4630.511541
2021-06-30	1553.05	18960.7	14554.8	23338.99	19271.46	10395.61	3283.02	1249.19	8371.378	540.8085	2353.64	358.3841	3515.56	2422.6	509.4103	1280.483	225.8382	2597.793	1756.92	22614.65	7469.47	5743.96	1126.28	0.5	250.7862	5349.777725
2021-07-30	1564.2	19409.05	14959.9	24162.45	19496.66	10466.11	3064	1178.71	8261.041	548.0067	2379.96	367.9352	3563.68	2431.83	517.0827	1282.53	225.8382	2638.689	1829.04	23702.12	7682.44	5800.3	1150.09	0.5	253.8985	5875.666974
2021-08-31	1603.83	19981.84	15582.51	25096.53	19884.4	10635.44	3145.17	1160.44	8383.05	545.7278	2375.43	367.2881	3552.9	2444.32	513.9119	1295.025	225.8382	2577.953	1812.39	24138.58	7738.79	5905.43	1159.46	0.75	254.0487	6459.314608
2021-09-30	1538.27	19038.38	14689.62	23655.73	19165.44	10337.59	3021.28	1084.64	8120.208	536.0307	2354.86	364.6621	3515.5	2444.06	501.3026	1273.491	225.8382	2733.489	1724.15	22835.43	7313.16	5829.6	1184.08	0.75	250.4642	5972.354066
2021-10-29	1617.18	20366.29	15850.47	25589.66	20258.05	10648.12	3051.53	1059.69	8438.639	534.7351	2354.21	368.7999	3524.22	2439.87	499.346	1268.181	225.8382	2891.951	1795.66	24571.18	7461.85	6040.1	1168.4	0.75	246.1676	6740.865853
2021-11-30	1578.73	20161.22	16135.92	25730.48	19710.5	10151.68	2927.42	1011.26	7888.74	533.171	2361.18	372.098	3526.39	2416.14	495.76	1254.603	225.8382	2578.938	1796.15	24405.41	7203.24	5717.76	1187.85	1	250.745	7206.215583
2021-12-31	1642.38	20958.03	16320.08	26027.79	21065.7	10669.13	2983.77	1077.05	8293.932	532.4266	2355.14	373.2755	3523.57	2461.43	495.3898	1266.84	225.8382	2774.726	1819.67	26560.86	7465.39	6096.56	1189.88	1	250.3575	7389.496498
2022-01-31	1562.03	19771.41	14930.05	23709.41	20549.98	10199.55	2927.51	967.77	7567.447	521.5153	2304.4	365.726	3404.96	2394.13	485.6978	1233.478	225.8382	3097.529	1791.89	24742.16	7083.18	6035.62	1209.5	1.25	246.9248	6347.385195
2022-02-28	1522.16	19192.17	14237.81	22737.9	20170.23	10042.17	2840.36	975.46	8011.129	515.3167	2278.69	368.8496	3336.85	2369.55	480.321	1177.464	225.8382	3369.301	1906.58	23967.7	7028.84	6187.2	1202.37	1.25	246.0968	5682.55009
2022-03-31	1556.02	19866.93	14838.49	23683.29	20761.21	10169.89	2777.19	975.23	8897.241	499.6239	2215.38	361.9916	3252.71	2342.38	464.9293	1149.959	225.8382	3693.877	1930.18	25536.64	7229.23	6552	1211.93	1.25	242.9323	6251.3827
2022-04-29	1432.06	18065.87	12854.8	20474.06	19739.64	9510.3	2623.13	913.53	8374.935	472.2504	2131.31	354.5931	3074.85	2259.09	433.1803	1100.2	225.8382	3882.991	1915.11	24415.01	6758.38	6338	1255.86	1.5	239.4659	4967.591832
2022-05-31	1434.75	18026.3	12642.1	19917.22	20111.11	9601.87	2635.33	930.48	8283.999	473.5394	2145.05	351.0752	3103.56	2264.63	433.203	1100.03	225.8382	4079.848	1849.23	22892.75	6696.89	6573.68	1237.26	1.75	239.5606	4654.134683
2022-06-30	1314.4	16534.17	11503.72	18250.49	18463.25	8701.04	2462.39	772.11	7288.595	458.3446	2111.4	339.9656	3016.66	2112.15	413.7188	1049.728	225.8382	3768.017	1810.49	21195.81	5963.52	6065.58	1298.9	1.75	235.3401	4234.107851
2022-07-29	1406.65	18076.36	12947.97	20682.63	19507.3	9135.13	2458.4	816.98	7766.289	468.0885	2162.99	354.7659	3114.32	2236.84	421.6614	1071.828	225.8382	3766.424	1762.66	23115.61	6363.09	6308.72	1299.34	2.25	241.5516	5297.126029
2022-08-31	1355.41	17368.29	12272.03	19641.76	18957.97	8710.03	2469.58	789.91	7687.177	449.6171	2101.88	345.3311	3022.99	2185.29	400.6173	1066.051	225.8382	3665.538	1711.94	21734.98	5936.76	6213.12	1338.61	2.5	235.0153	5042.746236
2022-09-30	1226.23	15757.49	10971.22	17602.4	17403.32	7908.09	2181.3	646.03	6798.883	426.5159	2011.06	322.4772	2864.12	2098.5	377.1104	1007.138	225.8382	3379.581	1665.86	19088.67	5196.14	5481.12	1432.12	2.5	231.1613	4599.413606
2022-10-31	1300.54	17008.38	11405.57	18404.25	19343.13	8345.26	2113.86	699.93	7155.798	423.5826	1985.01	326.4836	2834.5	2153.03	376.5744	998.2557	225.8382	3606.179	1639.79	20022.94	5285.72	5757.68	1424.98	3	229.5078	4912.010836
2022-11-30	1402.01	17933.75	12030.06	19274.91	20517.65	9235.91	2427.71	804.53	8026.984	443.5168	2058.01	332.4462	2981.28	2199.76	397.5726	1064.459	225.8382	3544.677	1758.78	21177.67	5715.7	6222.79	1318.38	3.25	234.5716	4670.713948
2022-12-30	1347.4	16879.3	10939.76	17706.03	19750.81	9194.27	2394.9	765.34	7868.048	445.9152	2048.73	329.0584	2968.2	2186.03	402.7751	1073.505	225.8382	3495.765	1816.28	20089.25	5814.72	6086.01	1260.33	3.25	236.2005	3446.211957
2023-01-31	1444.32	17989.88	12101.93	19531.77	20384.61	9949.6	2584.23	860.13	8709.838	460.5541	2111.76	335.0867	3087.13	2269.26	416.8052	1107.865	225.8382	3492.708	1904.81	22232.98	6153.74	6392.45	1232.1	3.5	242.832	4004.61426
2023-02-28	1403.43	17560.42	12042.12	19273.31	19688.52	9718.88	2416.86	800.04	8138.43	445.2434	2057.16	330.4917	2988.93	2240.09	400.1593	1083.122	225.8382	3359.08	1809.03	21165.93	5928.49	6178.08	1323.49	3.5	239.0104	4553.10099
2023-03-31	1447.67	18184.14	13181.35	20786.47	19547.39	9946.89	2491.1	839.23	8088.604	459.3227	2109.41	340.0443	3072.15	2264.03	415.1022	1096.585	225.8382	3323.013	1979.47	20628.46	5727.49	6325.68	1301.59	3.5	244.0964	5245.778208
2023-04-28	1469.17	18414.91	13245.99	21042.58	19803.07	10239.25	2463.34	831.46	8105.024	461.3495	2122.2	340.4171	3095.67	2286.64	416.2878	1100.904	225.8382	3297.806	1983.41	20800.44	5944.94	6491.24	1339.03	3.5	244.882	5596.471226
2023-05-31	1454.48	18534.69	14254.09	22097.96	18996.76	9805.19	2422.68	871.4	7718.363	452.3312	2099.09	336.3449	3050.83	2265.69	405.0829	1092.604	225.8382	3096.398	1957.36	20130.66	5553.49	6132.21	1325.81	3.5	243.1906	6324.346005
2023-06-30	1539.57	19770.62	15179.21	23668.89	20169.76	10274.88	2516.96	877.12	8114.054	452.2958	2091.6	335.212	3063.39	2303.6	406.1313	1108.902	225.8382	3232.346	1906.35	21167.96	5526.26	6318.26	1317.92	3.5	242.6158	7059.915492
2023-07-31	1596.39	20451.18	15757	24451.05	20895.32	10609.19	2675.36	934.14	8438.347	455.4279	2090.15	335.6325	3073.95	2335.38	411.3246	1121.995	225.8382	3579.358	1958.51	21771.38	5840.99	6447.06	1274.36	3.5	243.0481	7106.930443
2023-08-31	1552.42	20106.46	15501.07	24214.61	20373.34	10200.61	2511.33	863.17	8074.526	449.1976	2076.8	332.6352	3050.07	2341.85	403.2183	1108.519	225.8382	3600.722	1944.34	21094.06	5639.83	6145.49	1322.89	3.5	243.3196	7402.527025
2023-09-29	1488.77	19163.67	14715.24	22852.96	19637.26	9861.52	2446.67	819.52	7844.119	436.0752	2024.02	326.4954	2968.65	2314.15	389.8936	1083.273	225.8382	3748.922	1872.38	19658.8	5373.01	5858.3	1348.02	3.5	242.0358	6913.083741
2023-10-31	1444.34	18722.69	14409.78	22438.23	19078	9446.76	2351.87	762.27	7440.333	430.8629	1992.08	324.1331	2913.06	2287.2	386.3259	1067.263	225.8382	3592.039	2000.05	18800.71	5127.73	5682.19	1350.83	3.5	240.0714	6648.241297
2023-11-30	1578.34	20488.09	15947.87	24995.5	20448.09	10336.63	2540.49	886.13	8174.229	452.5896	2082.29	332.9145	3087.21	2390.82	407.6449	1123.852	225.8382	3461.114	2038.45	20785.81	5688.99	6234.38	1290.15	3.5	247.642	7400.995545
2023-12-29	1654.71	21453.38	16825.93	25978.92	21575.32	10904.03	2640.74	945.88	9042.141	471.3998	2162	341.8765	3221.05	2479.95	425.8158	1171.058	225.8382	3346.584	2064.85	22847.74	6191.22	6499.17	1291.07	3.5	254.6376	8221.221727
2024-01-31	1664.76	21787.56	17137.24	26641.55	21693.53	10952.68	2518.36	851.39	8900.379	464.8953	2156.06	342.4834	3215.57	2479.85	416.064	1164.461	225.8382	3496.057	2037	21899.44	5930.72	6294.8	1334.65	3.5	252.9468	9083.28622
2024-02-29	1736.82	22956.65	18043.85	28560.47	22444.23	11141.52	2638.61	914.63	8850.736	459.0528	2125.6	338.8034	3167.24	2487.09	411.1364	1168.854	225.8382	3526.54	2030.88	22343.26	5642.51	6295.2	1331.46	3.5	252.3756	9991.416326
2024-03-29	1792.31	23686.85	18254.69	29024.28	23532.82	11529.99	2705.13	962.74	9115.554	461.58	2145.23	341.5915	3208.19	2516.52	412.1404	1188.987	225.8382	3693.328	2229.85	22802.97	5955.55	6586.19	1347.26	3.5	254.3118	10456.87526
2024-04-30	1733.94	22709.09	17440.69	27849.39	22542.02	11236	2717.81	907.5	8772.577	449.9313	2091.04	335.8316	3126.55	2492.86	401.4674	1169.407	225.8382	3736.138	2315.59	21203.82	5716.83	6550.19	1382.18	3.5	252.6842	10033.03433
2024-05-31	1805.46	23793.79	18536.65	29682.69	23193.91	11679.27	2733.96	874.85	9084.349	455.8279	2126.49	341.6006	3185.11	2520.25	405.4845	1189.556	225.8382	3665.095	2344.08	22177.24	5747.43	6965.43	1385.61	3.5	254.3908	11338.37479
2024-06-28	1846.32	24644.69	19682.87	31742.79	23194.34	11488.94	2843.53	952.52	9267.257	456.4821	2146.63	344.2816	3205.37	2544.05	403.4356	1197.076	225.8382	3717.393	2335.88	22817.38	5553.09	6761.81	1376.47	3.5	258.584	12573.06742
2024-07-31	1876.61	24954.02	19362.43	31150.94	24309.34	11851.33	2853.98	947.87	9421.796	469.0874	2196.77	350.422	3281.77	2593.51	416.1567	1219.196	225.8382	3586.432	2418.58	24238.08	5897.66	7060.37	1371.22	3.5	262.4936	12057.96869
2024-08-30	1924.91	25555.84	19574.64	31764.65	25010.27	12248.59	2901.01	926.92	9827.394	480.186	2228.33	353.1709	3333.38	2635.81	429.1945	1244.776	225.8382	3524.629	2515.4	25790.9	6277.8	7388.03	1338.17	3.5	262.6832	11724.73804
2024-09-30	1970.35	26105.67	20060.69	32572.34	25444.93	12389.86	3095.95	899.89	10337.03	488.3581	2258.17	358.4726	3392.48	2678.46	437.7887	1266.703	225.8382	3521.77	2636.99	26488.01	6476.11	7670.12	1314.99	3.5	265.0664	11880.76279
2024-10-31	1926.78	25912.88	19890.42	32466.59	25144.87	11760.3	2962.1	831.96	9615.95	471.9887	2202.17	352.0415	3310.14	2663.98	419.7425	1249.323	225.8382	3537.794	2780.97	25719.2	5890.67	7572.1	1377.17	3.25	264.6017	12783.03025
2024-11-29	1999.47	27534.74	20930.37	34753.26	26512.17	11790.82	2855.95	784.29	9947.947	473.5977	2225.45	353.7476	3354.42	2694.63	418.7733	1263.145	225.8382	3539.953	2662.85	26823.73	5777.18	7830.96	1397.29	3	269.9296	14502.60925
2024-12-31	1952.8	26834.01	21012.17	35329.97	24668.25	11477.43	2853.33	727.48	9163.086	463.4374	2189.03	348.1539	3289.5	2683.14	407.8325	1248.129	225.8382	3655.988	2611.88	24843.26	5446.16	7480.25	1478.6	3	268.0633	16297.69802
2025-01-31	2018.79	27650.96	21478.05	35967.43	25770.58	12049.97	2904.9	773.27	9629.618	466.0748	2200.64	352.6564	3307.68	2719.8	410.2491	1261.416	225.8382	3777.227	2794.28	25101.65	5655	7652.63	1454.03	3	270.2796	16452.90924
2025-02-28	2007.19	27215.41	20884.41	34587.24	26017.5	12263.38	2919.51	771.67	9224.894	472.7397	2249.06	360.3455	3375.11	2738.06	413.5571	1281.884	225.8382	3726.456	2862.85	26009.06	5679.77	7663.83	1459.18	2.8	273.4335	15644.11852
2025-03-31	1928.98	25623.12	19278.45	31464.01	25385.02	12206.17	2939.1	765.18	8924.145	475.6522	2249.91	362.6558	3365.38	2710.07	418.1501	1277.3116	225.8382	3834.681	3118.55	25070.38	5767.61	7824.58	1474.25	2.78	273.4644	13523.13063
2025-04-30	1947.84	25491.88	19571.02	32249.13	24487.76	12774.84	2978.61	801	9528.297	489.6304	2258.75	363.087	3364.28	2709.52	439.533	1276.6873	225.8382	3511.238	3272.71	24398.73	6213.49	8115.35	1424.9	2.78	276.7217	13003.36624
2025-05-30	2061.07	27137.27	21340.99	35478.89	25136.95	13393.56	3106.88	863.81	9931.138	487.8912	2242.58	360.9533	3363.9	2755.03	439.0429	1285.229	225.8382	3567.079	3295.31	24915.43	6360.52	8471.31	1382.1	2.58	275.0128	14492.86656
2025-06-30	2154.5	28533.32	22679.01	37523.91	26258.16	13711.21	3297.6	1016.18	10271.696	497.1365	2277.06	364.3984	3426.76	2805.7	448.6498	1309.7517	225.8382	3726.854	3283.57	24780.05	6544.93	8638.1	1353.5	2.57	273.9588	15660.46921
2025-07-31	2184.27	29186.25	23218.12	38982.67	26389.24	13547.52	3364.07	1056.98	10280.906	489.7316	2271.05	364.8436	3429	2818.35	437.3771	1321.829	225.8382	3861.591	3296.34	24590.64	6429.13	8651.77	1393.78	2.51	274.0305	17345.97343
2025-08-29	2239.19	29759.29	23415.42	39476.25	27120.76	14146.11	3413.41	1037.2	10661.37	496.8505	2298.22	370.4554	3463.74	2853.57	444.6569	1339.4751	225.8382	3853.71	3405.58	25676.28	6711.18	8822.38	1389.81	2.52	274.0305	17527.33735
2025-09-30	2321.16	30851.46	24679.99	41564.48	27611.21	14453.29	3658.58	1146.55	10628.003	500.0961	2323.29	372.0625	3515.73	2876.85	445.9928	1354.2851	225.8382	3878.682	3812.22	25962.59	6763.94	8957.42	1404.05	2.58	274.0305	19783.69661
2025-10-31	2373.52	31584.3	25858.13	43704.17	27355.85	14611.54	3811.82	1406.27	10517.709	498.8263	2337.8	373.3818	3529.23	2881.38	441.6687	1377.5745	225.8382	3931.044	4007.49	25543.34	6707.79	8933.1	1429.61	2.51	274.0305	22410.39745
2025-11-28	2373.92	31593.69	25434.89	43090.31	27838.78	14767.23	3721.08	1295.47	10158.54	499.9849	2352.33	374.0702	3552.3	2898.07	441.3219	1380.9013	225.8382	3928.098	4163.96	26162.88	6852.23	9230.25	1467.7	2.51	274.0305	22834.23179
2025-12-31	2399.41	31596.95	25249.85	42771.54	28051.04	15213.28	3833.62	1460.49	10523.256	501.2906	2348.85	372.5593	3545.18	2914.49	443.9112	1386.8229	225.8382	3916.219	4306.7	25558.21	6913.41	9169.53	1444.62	2.63	274.0305	21768.42195
2026-01-30	2471.01	32005.47	25552.39	41946.11	29308.16	15933.09	4173.33	1871.1	11221.62	505.9834	2351.36	373.713	3551.52	2929.32	451.0885	1391.8607	225.8382	4301.115	5120.03	26337.82	7170.62	9633.51	1444.56	2.55	274.0305	22270.35227
2026-02-27	2503.4	31723.78	24960.04	40367.13	29835.66	16701.07	4403.39	2284.32	12080.41	511.641	2389.86	378.5965	3597.34	2934.74	454.3708	1408.8088	225.8382	4403.315	5177.73	28420.65	7499.78	10350.91	1439.97	2.56	274.0305	21082.49063
